CHI 10.96745
Camera: -0.01153892 1.26254 -0.05678381 0.06421214 0.044468 0.04501732 -0.9959282 10.96745
Camera: -0.01157701 1.262809 -0.05687751 0.06562551 0.04600282 0.04490124 -0.9957715 11.033
Camera: -0.01167834 1.26281 -0.05738093 0.0647414 0.04746005 0.04546227 -0.9957356 11.0777
Camera: -0.01155925 1.262753 -0.05753972 0.06395891 0.04721032 0.04530225 -0.9958053 11.12339
Camera: -0.01145047 1.26248 -0.05757274 0.06332958 0.04658751 0.04543965 -0.9958686 11.16652
Camera: -0.0111894 1.26226 -0.05712356 0.0610229 0.04619513 0.04426531 -0.9960837 11.22655
Camera: -0.01126462 1.262154 -0.05703308 0.06036342 0.0465409 0.04393381 -0.9961225 11.26743
Camera: -0.01137465 1.262283 -0.05643024 0.06166755 0.04813685 0.04548283 -0.9958972 11.30631
Camera: -0.01141131 1.262564 -0.05607499 0.06295106 0.04850782 0.04578517 -0.9957851 11.36979
Camera: -0.01132721 1.262681 -0.0561495 0.06388053 0.04776326 0.04559689 -0.9957705 11.40708
Camera: -0.01129156 1.262625 -0.05638434 0.06352787 0.04710804 0.04499113 -0.9958519 11.44768
Camera: -0.01103574 1.262391 -0.05667104 0.06283244 0.04598675 0.04484776 -0.9959549 11.4886
Camera: -0.01098794 1.262321 -0.05689801 0.06231958 0.04501657 0.04430591 -0.9960556 11.54877
Camera: -0.01108521 1.262348 -0.05758347 0.0634805 0.04604728 0.04485001 -0.9959109 11.59882
Camera: -0.01123691 1.262712 -0.05794908 0.06607131 0.04799787 0.04543139 -0.9956238 11.63835
Camera: -0.01125956 1.262971 -0.05803849 0.06748153 0.04791099 0.04521058 -0.9955435 11.68419
Camera: -0.0112012 1.263278 -0.05808093 0.06825644 0.04772234 0.04477673 -0.9955193 11.75153
Camera: -0.01126665 1.263199 -0.05840911 0.06842298 0.04669711 0.04416293 -0.995584 11.80515
Camera: -0.01140267 1.262973 -0.05844511 0.06803039 0.0469988 0.04344173 -0.9956284 11.85092
Camera: -0.01147723 1.262934 -0.05844773 0.0678836 0.04745702 0.04489575 -0.9955521 11.89544
Camera: -0.01149654 1.263078 -0.05895628 0.0674557 0.04777804 0.04463099 -0.9955778 11.95933
Camera: -0.01143974 1.263198 -0.05921234 0.06863294 0.04748076 0.04528552 -0.995482 12.00057
Camera: -0.01112515 1.263559 -0.05978002 0.07089112 0.04637401 0.04500205 -0.9953887 12.06125
Camera: -0.01105821 1.263546 -0.06001784 0.07063005 0.04617641 0.04495845 -0.9954185 12.10289
Camera: -0.01075536 1.263494 -0.06027378 0.07014144 0.04649908 0.04520293 -0.995427 12.14647
Camera: -0.01061183 1.263505 -0.06035639 0.06999255 0.04636881 0.04583635 -0.9954146 12.20368
Camera: -0.01041877 1.263635 -0.06028165 0.07146635 0.0462048 0.04592071 -0.9953135 12.24463
Camera: -0.01042742 1.263741 -0.06019558 0.07222468 0.04629459 0.0470046 -0.995204 12.29038
Camera: -0.01047719 1.263791 -0.06004931 0.07276439 0.04639498 0.04741478 -0.9951406 12.35037
Camera: -0.01074523 1.26397 -0.05966868 0.07305505 0.04685997 0.04714746 -0.9951102 12.39151
Camera: -0.01084286 1.263857 -0.05940844 0.071959 0.04677635 0.04651574 -0.9952237 12.43277
Camera: -0.01114035 1.263387 -0.05943371 0.06951863 0.04699088 0.04506291 -0.9954539 12.46915
Camera: -0.0113185 1.2632 -0.05935444 0.06867082 0.04657566 0.04468376 -0.9955493 12.51393
Camera: -0.01135045 1.26318 -0.05944087 0.06855868 0.046777 0.04463393 -0.9955499 12.5723
Camera: -0.01175326 1.26346 -0.05935349 0.06985001 0.04835065 0.0449921 -0.9953688 12.61675
Camera: -0.0118295 1.263637 -0.05928482 0.07071619 0.04876289 0.04569767 -0.9952554 12.65417
Camera: -0.01183349 1.263661 -0.05924441 0.07147921 0.04889282 0.0458636 -0.9951868 12.72586
Camera: -0.01170665 1.263635 -0.05904569 0.07059476 0.04721512 0.04597933 -0.9953256 12.7643
Camera: -0.01161742 1.263147 -0.05896296 0.06867605 0.0467158 0.04467563 -0.9955428 12.80621
Camera: -0.01184368 1.262975 -0.05898847 0.06832329 0.04762627 0.04495253 -0.9955114 12.84604
Camera: -0.01181889 1.263017 -0.05894269 0.06814197 0.04828001 0.04452725 -0.9955115 12.894
Camera: -0.01174182 1.263196 -0.05886365 0.06832754 0.04850189 0.04477949 -0.9954767 12.93781
Camera: -0.01172215 1.263273 -0.058823 0.0687715 0.04829952 0.04417471 -0.9954829 13.00846
Camera: -0.01176804 1.263321 -0.05862035 0.06949558 0.04770971 0.04565216 -0.9953945 13.08529
Camera: -0.01169169 1.263124 -0.05852558 0.06851873 0.04691705 0.04549317 -0.9955071 13.12446
Camera: -0.01172322 1.263087 -0.0584283 0.06824964 0.04723551 0.04548226 -0.9955111 13.17149
Camera: -0.01186305 1.262949 -0.05836011 0.06768353 0.04820515 0.04544117 -0.9955051 13.21605
Camera: -0.01191795 1.262907 -0.05835404 0.06745274 0.04820371 0.04512237 -0.9955353 13.27432
Camera: -0.01192039 1.263036 -0.05850007 0.06769104 0.04825292 0.04460202 -0.9955402 13.31586
Camera: -0.01185524 1.263068 -0.05854239 0.06825494 0.04822014 0.04468505 -0.9954996 13.36044
Camera: -0.01185197 1.263136 -0.05854429 0.06874258 0.0480713 0.04492103 -0.9954626 13.42106
Camera: -0.01181817 1.263207 -0.05875529 0.06850385 0.04768281 0.04502637 -0.995493 13.46285
Camera: -0.01174521 1.262845 -0.05819549 0.06766168 0.04775845 0.04466197 -0.9955633 13.50841
Camera: -0.01170117 1.262856 -0.05820026 0.06753774 0.04751521 0.04555935 -0.9955427 13.56768
Camera: -0.01167363 1.262925 -0.05816437 0.0669816 0.04793714 0.04506254 -0.9955827 13.61256
Camera: -0.01171356 1.262978 -0.05811299 0.06715953 0.04804118 0.04525398 -0.995557 13.65048
Camera: -0.0116654 1.26296 -0.05808498 0.06729958 0.04819907 0.04526107 -0.9955396 13.71399
Camera: -0.01161808 1.263079 -0.05776788 0.06695147 0.0474971 0.04509646 -0.9956043 13.75286
Camera: -0.01151848 1.263027 -0.05761112 0.06668746 0.04792165 0.04499007 -0.9956065 13.79298
Camera: -0.01138014 1.263016 -0.05753066 0.06673764 0.04802849 0.04531767 -0.9955831 13.83438
Camera: -0.0112465 1.262953 -0.05742897 0.06638795 0.04760061 0.04560855 -0.9956138 13.89492
Camera: -0.01116771 1.263011 -0.05741145 0.06637476 0.04680109 0.04580622 -0.9956434 13.93694
Camera: -0.0110513 1.263048 -0.0573801 0.06679526 0.04655762 0.04582452 -0.9956259 13.9743
Camera: -0.01108599 1.26291 -0.05765225 0.06683245 0.0466575 0.04598404 -0.9956114 14.0385
Camera: -0.01115197 1.26301 -0.05774213 0.06724297 0.04690101 0.04570713 -0.995585 14.10955
Camera: -0.01115185 1.263014 -0.05806221 0.06782188 0.04746469 0.04644674 -0.9954848 14.15316
Camera: -0.01098579 1.263062 -0.05811001 0.06790443 0.0469784 0.04621941 -0.9955128 14.20491
Camera: -0.01101822 1.263165 -0.05834474 0.06869335 0.04613145 0.0462115 -0.9954987 14.25137
Camera: -0.01095873 1.263275 -0.05843629 0.0686665 0.04610138 0.0462758 -0.995499 14.29604
Camera: -0.01109356 1.263273 -0.05861558 0.06885283 0.04622455 0.04619322 -0.9954842 14.33602
Camera: -0.01109201 1.263209 -0.05865134 0.06946251 0.04652094 0.04583143 -0.9954448 14.38228
Camera: -0.01092154 1.263275 -0.0585636 0.06966558 0.04651402 0.0461086 -0.9954181 14.44073
Camera: -0.01089358 1.263268 -0.0586157 0.06938876 0.04599438 0.04610895 -0.9954616 14.48142
Camera: -0.0109511 1.263143 -0.05862297 0.06908037 0.04571695 0.04599733 -0.995501 14.52692
Camera: -0.01087511 1.26319 -0.0586039 0.0693423 0.04626432 0.04588936 -0.9954624 14.58515
Camera: -0.01084459 1.263354 -0.05864753 0.06923634 0.04640749 0.04615331 -0.995451 14.63284
Camera: -0.01081198 1.263513 -0.05880739 0.06970029 0.0462002 0.04602522 -0.9954342 14.67687
Camera: -0.01095611 1.263416 -0.05897905 0.07029683 0.04608627 0.04656752 -0.9953722 14.73739
Camera: -0.01070124 1.263439 -0.05897762 0.07093943 0.04577122 0.04624654 -0.9953561 14.77853
Camera: -0.01076835 1.263403 -0.05912317 0.0706021 0.04543914 0.04634827 -0.9953907 14.82385
Camera: -0.01079446 1.263496 -0.05910219 0.0704936 0.0453477 0.04616144 -0.9954112 14.88206
Camera: -0.01101285 1.263538 -0.05905904 0.0708568 0.04586136 0.04600965 -0.9953689 14.92443
Camera: -0.01094598 1.263499 -0.05921818 0.07057346 0.04571356 0.04608127 -0.9953925 14.96127
Camera: -0.0109483 1.263377 -0.05920197 0.07023745 0.04428512 0.04571963 -0.9954975 15.0251
Camera: -0.01073855 1.26336 -0.0591457 0.07027342 0.04374364 0.04579135 -0.9955156 15.06369
Camera: -0.01054412 1.263322 -0.05885793 0.06975201 0.04385937 0.04639296 -0.9955193 15.10718
Camera: -0.01024538 1.262996 -0.05841471 0.06792168 0.04334583 0.04678672 -0.99565 15.16703
Camera: -0.01012355 1.26273 -0.05839588 0.06711403 0.04258395 0.04691422 -0.9957316 15.2099
Camera: -0.00993818 1.262562 -0.05823208 0.06630511 0.04190464 0.04701397 -0.9958099 15.24921
Camera: -0.009778917 1.262346 -0.05796172 0.0658337 0.04122031 0.04654959 -0.9958916 15.29673
Noticed 15.58009
Twitter 23.72269
Camera: -0.009770155 1.261263 -0.05743767 0.06202812 0.0337022 0.0445842 -0.9965084 23.72269
Camera: -0.009717464 1.261422 -0.05759038 0.06166799 0.03447382 0.04496685 -0.9964871 23.76017
Camera: -0.009725451 1.261416 -0.05781128 0.06239283 0.03608201 0.0449158 -0.9963874 23.83378
Camera: -0.009786308 1.261149 -0.05805065 0.06196773 0.03454983 0.04469229 -0.9964783 23.87898
Camera: -0.009785473 1.261207 -0.05816723 0.06227038 0.03401994 0.04408499 -0.9965047 23.91927
Camera: -0.009706676 1.261266 -0.05816664 0.06289582 0.03372703 0.04371734 -0.9964916 23.9839
Camera: -0.009883344 1.26135 -0.05844678 0.0631071 0.03373593 0.04517351 -0.9964129 24.02646
Camera: -0.009908497 1.261282 -0.05866958 0.06291254 0.03459747 0.04430119 -0.9964349 24.06404
Camera: -0.01010013 1.261245 -0.05883707 0.06321104 0.0353161 0.04499844 -0.9963595 24.12746
Camera: -0.01011461 1.26156 -0.05885591 0.06435007 0.03585295 0.04417622 -0.9963043 24.1691
Camera: -0.01012248 1.261547 -0.05874218 0.06393634 0.03569939 0.04385831 -0.9963505 24.20752
Camera: -0.0100891 1.261417 -0.05855764 0.0636285 0.03561834 0.04374288 -0.9963781 24.27092
Camera: -0.01007712 1.26127 -0.0582651 0.0628406 0.03508347 0.04389351 -0.9964405 24.3114
Camera: -0.01002449 1.261294 -0.0581515 0.06280595 0.03525893 0.04396565 -0.9964333 24.37251
Camera: -0.01004869 1.261329 -0.05781592 0.06207311 0.03539066 0.04442977 -0.996454 24.41516
Camera: -0.01012856 1.261343 -0.05760683 0.06167693 0.03538514 0.04446595 -0.9964771 24.45293
Camera: -0.01020092 1.261311 -0.05760969 0.06136828 0.03546444 0.04435651 -0.9964982 24.51557
Camera: -0.01049656 1.261088 -0.05742575 0.06040434 0.03620293 0.04393298 -0.9965494 24.55546
Camera: -0.01046604 1.260937 -0.05746342 0.06005552 0.03640855 0.0438184 -0.996568 24.59874
Camera: -0.01042551 1.260847 -0.05750217 0.05985267 0.03644087 0.04384255 -0.9965779 24.64191
Camera: -0.01050502 1.260863 -0.0573826 0.05954396 0.03663446 0.04392077 -0.9965859 24.70714
Camera: -0.01056951 1.260841 -0.05721225 0.0597677 0.03640358 0.04355074 -0.9965972 24.75363
Camera: -0.01051438 1.260799 -0.05708386 0.05964518 0.03636074 0.04341632 -0.996612 24.79066
Camera: -0.01043749 1.260811 -0.0569941 0.05964432 0.03674838 0.04336388 -0.9966001 24.85935
Camera: -0.01049048 1.260778 -0.05696477 0.0584608 0.03678584 0.04393912 -0.9966437 24.90333
Camera: -0.01089084 1.260578 -0.05694605 0.05847507 0.03788732 0.04398394 -0.9965996 24.94023
Camera: -0.01096255 1.260526 -0.05696942 0.05856513 0.03819268 0.04351759 -0.9966031 25.00652
Camera: -0.01076949 1.260729 -0.05718006 0.05823284 0.03668747 0.04281327 -0.9967096 25.05312
Camera: -0.01055461 1.260744 -0.0571871 0.05879493 0.03580245 0.04227085 -0.9967319 25.093
Camera: -0.01052237 1.26079 -0.05719401 0.05985182 0.03589083 0.04351152 -0.9966125 25.16009
Camera: -0.01054317 1.260977 -0.05717172 0.0601847 0.03696144 0.04354735 -0.9965518 25.20191
Camera: -0.01048684 1.260847 -0.05735649 0.0590212 0.03608576 0.04309718 -0.996673 25.2403
Camera: -0.01053685 1.260758 -0.05729331 0.05928323 0.03575247 0.04264431 -0.9966889 25.30359
Camera: -0.01069111 1.261047 -0.0570388 0.06040186 0.03643332 0.04278273 -0.9965912 25.34507
Camera: -0.01117724 1.260942 -0.05705608 0.06049326 0.03852139 0.04252882 -0.996518 25.40711
Camera: -0.01134163 1.260922 -0.05686106 0.06039835 0.0391955 0.04216504 -0.9965129 25.44806
Camera: -0.01137483 1.260881 -0.05689277 0.05960192 0.03900959 0.04184622 -0.9965816 25.48907
Camera: -0.0114904 1.260727 -0.05683996 0.05905624 0.03821241 0.04149351 -0.9966597 25.52703
Camera: -0.01170349 1.260579 -0.05675186 0.05838496 0.03716642 0.04105623 -0.9967569 25.57152
Camera: -0.01207083 1.260571 -0.05664839 0.05871537 0.03753873 0.04042419 -0.9967493 25.63288
Camera: -0.01253557 1.260807 -0.05673493 0.05896838 0.03927561 0.04131379 -0.996631 25.67757
Camera: -0.01268452 1.260803 -0.05670382 0.05882964 0.04033965 0.04061523 -0.9966254 25.71789
Camera: -0.01275522 1.26063 -0.05673184 0.05848733 0.04072854 0.04038892 -0.996639 25.7804
Camera: -0.01268083 1.260645 -0.05659474 0.05841943 0.03917508 0.03996339 -0.9967223 25.82469
Camera: -0.01249808 1.260655 -0.05663969 0.05798008 0.03865018 0.03996529 -0.9967684 25.86649
Camera: -0.01238745 1.260615 -0.05653597 0.05751791 0.0385497 0.04005335 -0.9967956 25.91461
Camera: -0.01250201 1.260697 -0.05650593 0.0577913 0.03924834 0.0409404 -0.9967164 25.97535
Camera: -0.01241988 1.260693 -0.05645849 0.05798358 0.03919405 0.04062866 -0.9967202 26.02194
Camera: -0.01246148 1.260656 -0.05654587 0.05786312 0.03905837 0.04086927 -0.9967226 26.05993
Camera: -0.01232326 1.26063 -0.05655541 0.05834031 0.03852699 0.04083016 -0.9967172 26.10575
Camera: -0.01251656 1.260641 -0.05652429 0.057829 0.0383149 0.04019371 -0.996781 26.16397
Camera: -0.01249903 1.26062 -0.05647601 0.05766622 0.03893116 0.04034109 -0.9967605 26.20714
Camera: -0.01240498 1.260936 -0.05641331 0.05844924 0.03885463 0.04052381 -0.9967105 26.24815
Camera: -0.01225525 1.261179 -0.05653884 0.05955698 0.0385378 0.04060549 -0.9966539 26.29113
Camera: -0.01212841 1.261218 -0.05641748 0.05979247 0.03816495 0.04083336 -0.9966449 26.35578
Camera: -0.01212209 1.261083 -0.05675258 0.05939793 0.03762313 0.04090786 -0.996686 26.41694
Camera: -0.0120393 1.261223 -0.05678584 0.06018928 0.03802633 0.04121097 -0.9966108 26.46148
Camera: -0.01192969 1.261183 -0.05678643 0.06039373 0.03808121 0.040874 -0.9966102 26.50301
Camera: -0.0118131 1.261319 -0.05712689 0.05966407 0.03709309 0.0410852 -0.9966827 26.56415
Camera: -0.01185453 1.26124 -0.05732848 0.06081148 0.03686705 0.04155517 -0.9966022 26.61315
Camera: -0.01181585 1.261289 -0.05746199 0.06153876 0.03712038 0.04133311 -0.9965574 26.6508
Camera: -0.0116747 1.261414 -0.05748416 0.06212544 0.03734074 0.0411513 -0.9965203 26.71471
Camera: -0.01165694 1.26167 -0.05779208 0.06248708 0.03720486 0.0412679 -0.996498 26.75261
Camera: -0.01156527 1.261482 -0.05771889 0.06275435 0.03738309 0.04173453 -0.9964551 26.79236
Camera: -0.01157731 1.261468 -0.05777778 0.06258109 0.03709811 0.04219313 -0.9964573 26.8343
Camera: -0.01145822 1.261324 -0.05774607 0.0617592 0.03702175 0.04135633 -0.9965464 26.89615
Camera: -0.01178032 1.261339 -0.0577928 0.06215746 0.03757732 0.04200219 -0.9964739 26.94376
Camera: -0.01183164 1.261242 -0.05784716 0.06239714 0.03787355 0.04207857 -0.9964445 26.98424
Camera: -0.01182038 1.261338 -0.05786671 0.06264649 0.03801231 0.0419712 -0.9964281 27.04903
Camera: -0.01161093 1.261509 -0.05790819 0.06305113 0.03820202 0.04180999 -0.9964021 27.0942
Camera: -0.01145428 1.261403 -0.05797245 0.06288662 0.03753316 0.04153512 -0.9964494 27.1333
Camera: -0.01112658 1.261366 -0.05802561 0.0623657 0.03632793 0.04139322 -0.9965327 27.18091
Camera: -0.01111859 1.261317 -0.0581329 0.06237288 0.03679132 0.04197343 -0.996491 27.23989
Camera: -0.01100481 1.261368 -0.05818261 0.06343676 0.0379479 0.04384959 -0.9962997 27.28064
Camera: -0.0109418 1.26147 -0.05816628 0.06410166 0.03841837 0.04378107 -0.9962421 27.32622
Camera: -0.01081228 1.261649 -0.05792178 0.06439573 0.03838233 0.0431392 -0.9962525 27.38599
Camera: -0.01057714 1.261562 -0.05793704 0.06288175 0.03622402 0.0427727 -0.9964458 27.45256
Camera: -0.01074284 1.261242 -0.05801608 0.06244257 0.03594016 0.04268895 -0.9964873 27.4965
Camera: -0.01079053 1.261198 -0.05798401 0.06230835 0.03722519 0.04287119 -0.9964407 27.56289
Camera: -0.01083052 1.261286 -0.05781306 0.06194355 0.03861771 0.04361517 -0.9963782 27.60614
Camera: -0.01070637 1.261209 -0.05785884 0.06194788 0.03739521 0.04330293 -0.9964381 27.65051
Camera: -0.01066285 1.261387 -0.05776085 0.06197234 0.03626545 0.04394659 -0.9964502 27.71375
Camera: -0.01053393 1.26121 -0.05748262 0.0620631 0.035928 0.04316996 -0.9964907 27.75507
Camera: -0.01068717 1.261096 -0.05741741 0.06215307 0.03655078 0.04370414 -0.9964392 27.79254
Camera: -0.01075405 1.261073 -0.05743279 0.061842 0.03739496 0.04349278 -0.9964365 27.85508
Camera: -0.01086223 1.261043 -0.05744995 0.06114618 0.03807207 0.04329589 -0.9964623 27.89223
Camera: -0.01070809 1.261049 -0.05752207 0.06114627 0.03774378 0.04319096 -0.9964794 27.93344
Camera: -0.01054555 1.261187 -0.05748548 0.06216871 0.03659489 0.04330377 -0.9964541 27.97485
Camera: -0.0105378 1.261223 -0.05750526 0.06216758 0.03619515 0.04322373 -0.9964722 28.03537
Camera: -0.010369 1.261311 -0.05748977 0.06225534 0.03607056 0.04342163 -0.9964626 28.08082
Camera: -0.01027262 1.261438 -0.05746509 0.06283619 0.03625889 0.04412839 -0.9963883 28.12093
Camera: -0.01025742 1.261371 -0.05757405 0.06290187 0.03647158 0.04404789 -0.99638 28.18423
Camera: -0.01005048 1.261444 -0.05782916 0.06219837 0.03617616 0.04419578 -0.9964283 28.22839
Camera: -0.01000988 1.261413 -0.05770256 0.06271047 0.03652093 0.04385481 -0.9963987 28.27316
Camera: -0.009970188 1.261322 -0.05762066 0.06335855 0.03663574 0.04438746 -0.99633 28.32011
Camera: -0.009922683 1.261443 -0.05755843 0.06369199 0.03622918 0.04421771 -0.9963311 28.38334
Camera: -0.009761274 1.261388 -0.05737425 0.06275828 0.03555173 0.04396768 -0.9964258 28.42555
Camera: -0.009749651 1.261411 -0.05741979 0.06283081 0.03527136 0.04472591 -0.9963974 28.48526
Camera: -0.009873748 1.261506 -0.05742134 0.06359515 0.03525268 0.04437726 -0.9963652 28.52604
Camera: -0.009978473 1.261612 -0.05743898 0.06372453 0.03542431 0.0443517 -0.996352 28.57097
Camera: -0.01019216 1.2619 -0.05752482 0.06539518 0.03639209 0.04472176 -0.9961923 28.63135
Camera: -0.01048911 1.261988 -0.05763687 0.0663562 0.03672091 0.04514864 -0.9960974 28.67588
Camera: -0.01069701 1.262189 -0.05768813 0.067837 0.03772099 0.04437837 -0.9959949 28.71764
Camera: -0.01069683 1.262436 -0.05765475 0.06872547 0.03791259 0.04471842 -0.9959115 28.76539
Camera: -0.01059061 1.262659 -0.0579107 0.06974633 0.03791942 0.04440072 -0.9958545 28.82745
Camera: -0.01047039 1.262782 -0.05796303 0.0701797 0.03775292 0.04441843 -0.9958296 28.87096
Camera: -0.01003164 1.262741 -0.05830289 0.06999701 0.03701101 0.04464435 -0.9958602 28.91314
Camera: -0.009889185 1.262627 -0.05831136 0.07029292 0.03683394 0.04517189 -0.9958221 28.97395
Camera: -0.00941807 1.262887 -0.05855764 0.07155183 0.03588749 0.04605345 -0.9957266 29.01645
Camera: -0.009305775 1.262835 -0.05862679 0.07125486 0.03519236 0.04708042 -0.9957247 29.0577
Camera: -0.009171724 1.262776 -0.05864729 0.07073367 0.03518569 0.0459805 -0.9958135 29.09438
Camera: -0.009200215 1.262696 -0.05872227 0.07084337 0.03519969 0.04627765 -0.9957914 29.13923
Camera: -0.009201348 1.262665 -0.0586213 0.0709602 0.0359299 0.04617638 -0.9957618 29.19834
Camera: -0.009163618 1.262844 -0.05882956 0.07103556 0.03606639 0.04586631 -0.9957658 29.24306
Camera: -0.009021997 1.26275 -0.05881681 0.07110309 0.0360636 0.04582916 -0.9957628 29.28457
Camera: -0.009066999 1.262802 -0.05879106 0.07111614 0.03572005 0.04685651 -0.9957264 29.35099
Camera: -0.008838952 1.263004 -0.05879141 0.07135208 0.03473665 0.04622269 -0.995774 29.3954
Camera: -0.008832753 1.262877 -0.05870451 0.07126973 0.03471847 0.04687868 -0.9957498 29.43997
Camera: -0.00878495 1.262748 -0.058589 0.07129206 0.03539297 0.0467013 -0.9957328 29.50635
Camera: -0.00862354 1.262607 -0.05867733 0.07117976 0.0352403 0.04710893 -0.9957271 29.55029
Camera: -0.008458674 1.262529 -0.05859567 0.07099877 0.03508297 0.04726521 -0.9957381 29.5936
Noticed 29.86034
Ins 40.87929
Camera: -0.00984031 1.260719 -0.04842247 0.05320295 0.03402072 0.04077236 -0.9971709 40.87929
Camera: -0.009955645 1.260769 -0.04792251 0.05306135 0.03456018 0.04086258 -0.9971561 40.9157
Camera: -0.01001292 1.260739 -0.04737248 0.0528076 0.03459706 0.04083544 -0.9971694 40.98319
Camera: -0.0101034 1.260633 -0.04670145 0.05161786 0.035311 0.04159543 -0.9971753 41.02232
Camera: -0.0100165 1.260299 -0.04644026 0.04992597 0.03526697 0.04026904 -0.9973174 41.07863
Camera: -0.01010495 1.260024 -0.04651119 0.04779867 0.0349129 0.04019736 -0.997437 41.12889
Camera: -0.01007158 1.25865 -0.04669358 0.04177743 0.03511499 0.03942706 -0.997731 41.19089
Camera: -0.01022017 1.257899 -0.0469314 0.03830866 0.03513325 0.04156148 -0.9977829 41.24144
Camera: -0.0100469 1.257921 -0.04714693 0.03825022 0.03536195 0.04247575 -0.9977386 41.28164
Camera: -0.009820521 1.258262 -0.0470462 0.03990084 0.03501872 0.04248621 -0.9976856 41.34659
Camera: -0.009499431 1.259171 -0.04726268 0.04520587 0.03438565 0.04295037 -0.9974615 41.38808
Camera: -0.009312689 1.259856 -0.04745711 0.04866553 0.0336168 0.04278458 -0.997332 41.42541
Camera: -0.00915879 1.260661 -0.04768838 0.05203895 0.03280839 0.04331141 -0.9971659 41.48944
Camera: -0.008782804 1.260858 -0.04852976 0.05427535 0.03148644 0.04443517 -0.9970398 41.53013
Camera: -0.008257329 1.261217 -0.04940976 0.05614637 0.02976035 0.04504295 -0.996962 41.56704
Camera: -0.008037746 1.261277 -0.04981662 0.05685134 0.02903165 0.04494953 -0.9969477 41.63216
Camera: -0.007522047 1.261353 -0.05002178 0.05801522 0.02914114 0.04441016 -0.9969016 41.67008
Camera: -0.007453978 1.261217 -0.05019321 0.0577517 0.0287957 0.04559968 -0.9968733 41.71122
Camera: -0.007428288 1.261079 -0.0502037 0.05756858 0.02894753 0.04649604 -0.996838 41.75225
Camera: -0.00739646 1.261111 -0.05006255 0.05683317 0.0292274 0.04631618 -0.9968804 41.84193
Camera: -0.00808686 1.260702 -0.04995956 0.05477693 0.03190944 0.04446667 -0.9969975 41.88597
Camera: -0.008642733 1.260591 -0.04999651 0.05381653 0.03336814 0.04485156 -0.9969848 41.92527
Camera: -0.009355724 1.260544 -0.05030276 0.05370117 0.03603788 0.04521938 -0.9968815 41.97248
Camera: -0.01047522 1.259723 -0.05031027 0.05234019 0.04091928 0.04459758 -0.9967935 42.03456
Camera: -0.01159602 1.259772 -0.05023529 0.0506533 0.04466055 0.04180302 -0.9968411 42.07534
Camera: -0.0119434 1.260933 -0.04965343 0.0560125 0.04587305 0.04135646 -0.9965179 42.1163
Camera: -0.01257771 1.261151 -0.04958226 0.0571082 0.0477913 0.04135739 -0.9963655 42.18174
Camera: -0.01347595 1.26044 -0.04931344 0.0532745 0.05120835 0.04009668 -0.9964597 42.22316
Camera: -0.013776 1.261492 -0.04919375 0.05883136 0.05194315 0.04020888 -0.9961045 42.27188
Camera: -0.01362062 1.263528 -0.04938556 0.06970166 0.0488208 0.03881242 -0.9956163 42.31282
Camera: -0.01389587 1.262999 -0.04998292 0.06713577 0.04948622 0.03842381 -0.9957749 42.38055
Camera: -0.01422316 1.262409 -0.05091001 0.06337798 0.05157515 0.03773404 -0.9959415 42.42681
Camera: -0.01431394 1.26237 -0.05140771 0.06478454 0.051801 0.03738966 -0.9958522 42.4662
Camera: -0.01430929 1.26224 -0.0516981 0.06357593 0.05218536 0.0376458 -0.9959005 42.53113
Camera: -0.01401126 1.262879 -0.05190744 0.06780467 0.05213661 0.04003548 -0.9955308 42.57576
Camera: -0.01373428 1.263186 -0.05202521 0.06999345 0.05106245 0.03992354 -0.9954395 42.61461
Camera: -0.01356542 1.263105 -0.05195262 0.06951158 0.04999425 0.03953272 -0.9955431 42.67806
Camera: -0.01337081 1.26281 -0.05121697 0.0651652 0.04938523 0.03921419 -0.9958799 42.71919
Camera: -0.01339799 1.261973 -0.0509509 0.06104317 0.04988299 0.03905875 -0.9961224 42.75632
Camera: -0.01337367 1.26108 -0.05069818 0.05624779 0.05031425 0.03856559 -0.9964022 42.81937
Camera: -0.01315063 1.258355 -0.04993941 0.0408454 0.04771623 0.03745655 -0.9973224 42.87907
Camera: -0.01298857 1.258496 -0.04956593 0.0406017 0.04654273 0.03693932 -0.9974071 42.92273
Camera: -0.01299757 1.259305 -0.0489824 0.04479497 0.04678537 0.03687088 -0.9972187 42.9606
Camera: -0.01318759 1.259744 -0.04865147 0.04782065 0.04705015 0.03806715 -0.9970208 43.00677
Camera: -0.01324397 1.259801 -0.04899444 0.04748391 0.04708891 0.03733261 -0.9970628 43.0716
Camera: -0.01339346 1.259629 -0.04938175 0.04791575 0.04742668 0.0377252 -0.9970114 43.11405
Camera: -0.01354563 1.259726 -0.04986598 0.04877523 0.04793701 0.03814079 -0.9969295 43.15629
Camera: -0.01360387 1.260044 -0.05026783 0.05028846 0.04852658 0.03877896 -0.9968011 43.22021
Camera: -0.01359516 1.260839 -0.05103268 0.05396932 0.04910418 0.03805492 -0.9966082 43.25825
Camera: -0.01353139 1.261326 -0.05134524 0.05607136 0.04851996 0.03802717 -0.9965219 43.30037
Camera: -0.01340979 1.261536 -0.05182387 0.05817556 0.04759897 0.03819135 -0.9964394 43.34189
Camera: -0.01339287 1.261503 -0.05196656 0.05894281 0.04703968 0.03846569 -0.9964103 43.40323
Camera: -0.01307225 1.26153 -0.05183519 0.05928956 0.04634198 0.03823379 -0.9964314 43.44759
Camera: -0.01316565 1.261589 -0.05177321 0.05882821 0.04627696 0.03882803 -0.9964387 43.48962
Camera: -0.01316524 1.261639 -0.05163313 0.05862923 0.04674787 0.03863838 -0.9964358 43.5554
Camera: -0.01310307 1.261593 -0.05162074 0.05896894 0.04783062 0.03891036 -0.9963538 43.59786
Camera: -0.01296967 1.261684 -0.05172493 0.06006704 0.04717162 0.03916736 -0.9963096 43.64336
Camera: -0.01298279 1.261864 -0.05166639 0.06052899 0.0470353 0.03907447 -0.9962917 43.70323
Camera: -0.01288468 1.261794 -0.05154289 0.06062505 0.04743559 0.03982809 -0.996237 43.74413
Camera: -0.0128507 1.261829 -0.05154277 0.06054582 0.04745771 0.03959953 -0.9962499 43.78973
Camera: -0.01283842 1.261828 -0.05154838 0.06030219 0.0474062 0.03925022 -0.996281 43.84847
Camera: -0.0129407 1.261654 -0.05173577 0.05988986 0.04706911 0.04006759 -0.9962893 43.91434
Camera: -0.01305932 1.261535 -0.05183937 0.05967103 0.04691062 0.04066843 -0.9962856 43.95626
Camera: -0.0132888 1.261608 -0.05203499 0.0597494 0.04702756 0.04023689 -0.9962929 44.00078
Camera: -0.01355654 1.261296 -0.05253758 0.0586704 0.0465569 0.04067909 -0.9963611 44.06021
Camera: -0.0137307 1.261202 -0.05275406 0.05772492 0.04598676 0.03878796 -0.9965183 44.10281
Camera: -0.01401407 1.261222 -0.05299999 0.05787523 0.04660816 0.03930511 -0.9964604 44.14056
Camera: -0.01418149 1.261433 -0.05308725 0.05945588 0.04732092 0.03990315 -0.99631 44.20428
Camera: -0.01421881 1.26157 -0.05317403 0.06030133 0.04864231 0.04040426 -0.9961753 44.25134
Camera: -0.01436168 1.261701 -0.05312146 0.05998305 0.04818416 0.04078027 -0.9962015 44.29
Camera: -0.01434058 1.261592 -0.05316664 0.05889058 0.04805616 0.03942335 -0.9963275 44.33637
Camera: -0.01443869 1.260951 -0.05317165 0.05693327 0.04783574 0.03954163 -0.9964471 44.39648
Camera: -0.01421148 1.261021 -0.05315508 0.05602017 0.04715772 0.03945589 -0.9965346 44.43974
Camera: -0.01409698 1.260893 -0.0531223 0.05633775 0.04682811 0.03936013 -0.996536 44.47765
Camera: -0.01389307 1.260898 -0.05300047 0.05657504 0.04696835 0.0400561 -0.9964883 44.54557
Camera: -0.01372957 1.261106 -0.05320789 0.05715664 0.0457775 0.04074456 -0.9964826 44.5874
Camera: -0.0134185 1.260831 -0.05334295 0.05615194 0.04475011 0.04017652 -0.9966094 44.63248
Camera: -0.01327282 1.26022 -0.0536008 0.0534993 0.04298252 0.03978182 -0.9968489 44.67732
Camera: -0.01314539 1.260147 -0.0537547 0.05331309 0.0430705 0.0400753 -0.9968433 44.74516
Camera: -0.01312619 1.26031 -0.05381729 0.05358168 0.0443885 0.03972582 -0.9967851 44.7891
Camera: -0.01320881 1.260375 -0.05395545 0.05392343 0.0450234 0.03944536 -0.9967493 44.83852
Camera: -0.01330251 1.26046 -0.05415227 0.05502412 0.04530127 0.03981099 -0.9966621 44.91461
Camera: -0.01337737 1.260358 -0.05430605 0.05562582 0.04510892 0.04022413 -0.9966208 44.95843
Camera: -0.01325685 1.260452 -0.05444707 0.05494166 0.04449935 0.03916721 -0.9967282 45.00005
Camera: -0.01334542 1.260556 -0.05459227 0.05494335 0.04449891 0.03987236 -0.9967002 45.06041
Camera: -0.01342863 1.260324 -0.05504717 0.05438095 0.04558017 0.03907363 -0.9967138 45.10185
Camera: -0.01341259 1.260297 -0.05503668 0.05389864 0.04593972 0.03866255 -0.9967396 45.14658
Camera: -0.01335651 1.260287 -0.054958 0.05429075 0.04619402 0.03869556 -0.9967052 45.20438
Camera: -0.01336247 1.260089 -0.05512311 0.05265329 0.04591756 0.0379063 -0.9968362 45.24708
Camera: -0.01332325 1.259857 -0.05502512 0.05172608 0.04615075 0.0369993 -0.996908 45.2854
Camera: -0.01331276 1.259505 -0.05487193 0.05058342 0.04617902 0.03799453 -0.9969279 45.34839
Camera: -0.01321286 1.258831 -0.0543188 0.04589973 0.04615511 0.03675332 -0.9972022 45.38736
Camera: -0.01310813 1.258326 -0.05410828 0.0432033 0.04512017 0.03644419 -0.9973813 45.43577
Camera: -0.01311946 1.257973 -0.0540712 0.04148445 0.04466088 0.036314 -0.9974797 45.4805
Camera: -0.01319104 1.25763 -0.05404367 0.03964004 0.04501321 0.03652837 -0.9975311 45.54372
Camera: -0.01352215 1.257277 -0.05384554 0.03778362 0.04773706 0.03715273 -0.9974534 45.58873
Camera: -0.01349431 1.2572 -0.05368008 0.03771602 0.04847368 0.03715209 -0.9974204 45.62867
Camera: -0.01352984 1.25717 -0.05355062 0.03845806 0.04872596 0.03677112 -0.997394 45.69396
Camera: -0.0132665 1.257356 -0.05385424 0.03832403 0.04681937 0.03691212 -0.9974852 45.73247
Noticed 46.00978
Twitter 53.99931
Camera: -0.009265363 1.258911 -0.0558119 0.04876709 0.0333498 0.04346417 -0.9973066 53.99931
Camera: -0.009193838 1.258857 -0.05575563 0.04827379 0.03399367 0.0443894 -0.9972681 54.06501
Camera: -0.009389341 1.258784 -0.05575003 0.04838556 0.03696694 0.04469212 -0.9971434 54.11176
Camera: -0.009248078 1.25882 -0.05565108 0.04809437 0.03677532 0.04409092 -0.9971913 54.18875
Camera: -0.009243667 1.258919 -0.05564167 0.04829037 0.03499257 0.04442538 -0.9972312 54.23329
Camera: -0.00928688 1.258924 -0.05567445 0.04893405 0.03470895 0.04489195 -0.9971888 54.27653
Camera: -0.009344757 1.25899 -0.05564012 0.04903716 0.03501372 0.04508185 -0.9971645 54.33921
Camera: -0.009696186 1.258825 -0.05570234 0.04809863 0.03569967 0.04342297 -0.9972595 54.3802
Camera: -0.009761393 1.258856 -0.05570091 0.04861485 0.03615324 0.04320971 -0.9972274 54.42527
Camera: -0.009916961 1.258853 -0.05582346 0.04880426 0.03681546 0.04357801 -0.9971779 54.48314
Camera: -0.009922206 1.25895 -0.05589856 0.04877751 0.03717579 0.04321126 -0.9971818 54.52491
Camera: -0.01007402 1.258907 -0.05588545 0.04859909 0.03680837 0.04374142 -0.997181 54.56931
Camera: -0.01023209 1.258934 -0.05602182 0.04896813 0.03673062 0.0440085 -0.9971541 54.62848
Camera: -0.01058334 1.259013 -0.05604304 0.04882656 0.03666424 0.04362114 -0.9971805 54.67254
Camera: -0.01082033 1.259067 -0.05608381 0.04879455 0.03715558 0.04352679 -0.997168 54.71328
Camera: -0.01093203 1.259068 -0.05617346 0.04907375 0.03728276 0.04327638 -0.9971604 54.75834
Camera: -0.01111859 1.259257 -0.05598284 0.04989591 0.03708682 0.04203761 -0.9971799 54.81609
Camera: -0.01112896 1.259347 -0.05594923 0.04998144 0.03701957 0.04234652 -0.9971651 54.85781
Camera: -0.01106519 1.259026 -0.05592336 0.04872395 0.03752626 0.04221549 -0.997214 54.89662
Camera: -0.01101375 1.258863 -0.05604602 0.04823367 0.03800879 0.04274038 -0.9971972 54.96334
Camera: -0.01084483 1.258707 -0.05604734 0.04796319 0.03782828 0.04261462 -0.9972225 55.0144
Camera: -0.0108006 1.25885 -0.05594982 0.04814472 0.03785446 0.04259317 -0.9972136 55.05321
Camera: -0.01087171 1.258951 -0.05594243 0.04898059 0.03792206 0.04342965 -0.9971343 55.12101
Camera: -0.0108729 1.259134 -0.05589892 0.04943813 0.03815925 0.04253586 -0.9971412 55.18042
Camera: -0.01087075 1.259165 -0.05596627 0.04985452 0.03836386 0.04290674 -0.9970967 55.22323
Camera: -0.01099813 1.258964 -0.05601312 0.04917391 0.03794973 0.04278272 -0.9971517 55.27344
Camera: -0.0110603 1.259082 -0.05610932 0.04897774 0.03747532 0.04261097 -0.9971866 55.31535
Camera: -0.01103717 1.259007 -0.05611302 0.04902088 0.03756686 0.042589 -0.997182 55.3556
Camera: -0.01094204 1.258998 -0.05605878 0.04939491 0.03839758 0.04311994 -0.9971091 55.41886
Camera: -0.01091224 1.259079 -0.05615892 0.05006256 0.03829168 0.04329079 -0.9970725 55.46127
Camera: -0.0107047 1.258945 -0.05608477 0.04943838 0.03769487 0.04344506 -0.9971196 55.49832
Camera: -0.01048964 1.258918 -0.05601062 0.04898936 0.03703036 0.04314136 -0.9971799 55.56231
Camera: -0.01049745 1.258695 -0.05590345 0.04881791 0.03694241 0.04319233 -0.9971893 55.60467
Camera: -0.01057893 1.258732 -0.05576409 0.04872045 0.03729821 0.04349403 -0.9971678 55.64707
Camera: -0.01055247 1.258722 -0.0557027 0.04768354 0.03732456 0.04444746 -0.9971749 55.71179
Camera: -0.01051193 1.258483 -0.05546822 0.04641604 0.03778578 0.04326362 -0.9972693 55.75755
Camera: -0.01068455 1.25855 -0.05518593 0.0472114 0.03774311 0.0433221 -0.9972311 55.79504
Camera: -0.01069838 1.258587 -0.05516268 0.04718063 0.03729657 0.04288492 -0.9972682 55.836
Camera: -0.01066673 1.258672 -0.05511202 0.04686326 0.03743077 0.04252582 -0.9972935 55.87307
Camera: -0.01065707 1.258574 -0.05509628 0.04670849 0.03778735 0.04224945 -0.9972991 55.93944
Camera: -0.01068962 1.258749 -0.05513288 0.04738753 0.03774782 0.04364447 -0.9972085 55.97998
Camera: -0.01059884 1.258786 -0.05521037 0.04745956 0.03719947 0.04271223 -0.9972661 56.02017
Camera: -0.01058084 1.258821 -0.05546381 0.04753857 0.03705363 0.04361942 -0.9972284 56.06219
Camera: -0.01059502 1.258823 -0.05546512 0.04804749 0.03728598 0.04379579 -0.9971876 56.12719
Camera: -0.01074189 1.258874 -0.05551304 0.04860755 0.03779804 0.04352237 -0.9971532 56.17239
Camera: -0.01077431 1.258848 -0.05549933 0.04778064 0.03774963 0.04319048 -0.9972094 56.23549
Camera: -0.01068515 1.258876 -0.05550887 0.04770743 0.03715105 0.04277955 -0.9972531 56.27908
Camera: -0.01055086 1.258913 -0.05552258 0.04796722 0.03673377 0.04310959 -0.9972419 56.31936
Camera: -0.01045924 1.258865 -0.05555357 0.0481057 0.03652341 0.04321015 -0.9972386 56.38754
Camera: -0.01048106 1.259028 -0.0554911 0.0491921 0.03793523 0.04375355 -0.9971092 56.43614
Camera: -0.01056254 1.259108 -0.05548503 0.04924588 0.03855375 0.04440187 -0.9970542 56.47535
Camera: -0.01058429 1.259116 -0.05552782 0.0483426 0.03842842 0.04416819 -0.9971136 56.51991
Camera: -0.0107376 1.258949 -0.055586 0.04817885 0.03783442 0.04346746 -0.997175 56.55977
Camera: -0.01067859 1.258856 -0.05571879 0.0482851 0.03754972 0.0434626 -0.9971808 56.62677
Camera: -0.0107277 1.259074 -0.05581404 0.04886581 0.03754751 0.04314315 -0.9971665 56.66819
Camera: -0.01078326 1.259165 -0.05578674 0.04911518 0.03793596 0.04296848 -0.9971471 56.7047
Camera: -0.01075876 1.2592 -0.05578102 0.0496651 0.03834262 0.04338431 -0.9970863 56.76831
Camera: -0.01069289 1.259272 -0.05607225 0.05032549 0.03768463 0.04345714 -0.9970751 56.81002
Camera: -0.0105378 1.259195 -0.05598415 0.05021529 0.03730347 0.04344041 -0.9970957 56.84822
Camera: -0.0105353 1.259266 -0.05594517 0.04994643 0.03749603 0.04369833 -0.9970907 56.91247
Camera: -0.01054174 1.259297 -0.05611612 0.0506047 0.03776561 0.04449358 -0.9970122 56.95219
Camera: -0.01054955 1.259275 -0.0560049 0.05088153 0.0379132 0.04427032 -0.9970024 56.99325
Camera: -0.0103153 1.259179 -0.05644538 0.05033453 0.03670395 0.04380875 -0.9970958 57.03394
Camera: -0.01013774 1.259212 -0.05642165 0.05090538 0.03634908 0.04389335 -0.9970762 57.09356
Camera: -0.009899676 1.259375 -0.05653621 0.05207514 0.03667258 0.04491037 -0.9969586 57.13511
Camera: -0.009938538 1.259418 -0.05667748 0.05215528 0.03726619 0.04494746 -0.9969307 57.17279
Camera: -0.009880126 1.259409 -0.05680193 0.05185053 0.03729966 0.04480324 -0.9969519 57.23146
Camera: -0.009863496 1.25939 -0.0567515 0.05211078 0.03645114 0.04465965 -0.9969761 57.27419
Camera: -0.009744942 1.259427 -0.05677654 0.0522782 0.03600383 0.04463663 -0.9969846 57.3145
Camera: -0.009690702 1.259409 -0.05675758 0.05212416 0.03587889 0.04551912 -0.9969573 57.3608
Camera: -0.009600759 1.259322 -0.0568725 0.05141699 0.0362522 0.04453794 -0.9970248 57.40122
Camera: -0.009803236 1.259277 -0.05690493 0.05151863 0.03649966 0.04491939 -0.9969934 57.44614
Camera: -0.009887755 1.259308 -0.05698253 0.05201412 0.0365321 0.04461582 -0.9969802 57.50941
Camera: -0.009876966 1.259709 -0.0569817 0.0529101 0.03674727 0.04474483 -0.9969193 57.5559
Camera: -0.009712279 1.259482 -0.0570084 0.05276937 0.03647427 0.04504398 -0.9969233 57.59716
Camera: -0.009612262 1.259407 -0.0569656 0.05224096 0.03570475 0.04491891 -0.9969847 57.66632
Camera: -0.009662688 1.259336 -0.05723061 0.05189528 0.03534776 0.04480864 -0.9970204 57.71215
Camera: -0.009832203 1.259327 -0.05734123 0.05185745 0.03608253 0.0455618 -0.9969619 57.7535
Camera: -0.01019472 1.259362 -0.05744709 0.05267408 0.03735032 0.04519766 -0.996889 57.81748
Camera: -0.01030993 1.259482 -0.05750157 0.05346097 0.0382433 0.04519198 -0.9968135 57.85995
Camera: -0.01059085 1.259489 -0.05743434 0.05362596 0.03773857 0.04480499 -0.9968413 57.89607
Camera: -0.01057333 1.259478 -0.05752756 0.05339504 0.03673067 0.04386433 -0.9969332 57.96049
Camera: -0.01065212 1.259435 -0.05751945 0.0532595 0.0360401 0.04401805 -0.9969589 58.00187
Camera: -0.01074517 1.259363 -0.05761971 0.05303284 0.03643336 0.04424326 -0.9969467 58.03923
Camera: -0.01081133 1.259253 -0.05768098 0.05255786 0.03699084 0.04392769 -0.9969653 58.10337
Camera: -0.01072174 1.259353 -0.05772103 0.05365429 0.03752631 0.04374674 -0.9968948 58.14049
Camera: -0.0105173 1.259608 -0.05760278 0.05380331 0.03730044 0.04402256 -0.9968832 58.1813
Camera: -0.01030582 1.259593 -0.05754222 0.05339757 0.03673626 0.04462547 -0.9968991 58.22271
Camera: -0.01026446 1.259017 -0.05733897 0.05221504 0.03681981 0.0448469 -0.9969487 58.30106
Camera: -0.01021361 1.259041 -0.05721773 0.05222502 0.03669005 0.04464863 -0.9969619 58.34307
Camera: -0.0101189 1.259202 -0.05716361 0.05164434 0.0365767 0.04429911 -0.9970118 58.38095
Camera: -0.01011711 1.259149 -0.05700327 0.05153789 0.03647761 0.04403256 -0.9970328 58.44914
Camera: -0.01012945 1.259222 -0.05706896 0.05202862 0.03662179 0.04469846 -0.9969724 58.48737
Camera: -0.010104 1.259326 -0.05689229 0.0523745 0.03596364 0.04410358 -0.9970047 58.53387
Camera: -0.01024371 1.259256 -0.05681302 0.05219957 0.03631257 0.04413286 -0.997 58.57371
Camera: -0.01037884 1.259251 -0.05691542 0.05239918 0.0366125 0.044743 -0.9969513 58.65086
Camera: -0.01065874 1.259558 -0.05711807 0.0532566 0.03627823 0.04378426 -0.9969607 58.69453
Camera: -0.01072568 1.259542 -0.05717243 0.05371913 0.03666921 0.04370882 -0.9969249 58.73933
Camera: -0.01069367 1.259621 -0.05720915 0.05382854 0.03698911 0.04387032 -0.9969001 58.78952
Camera: -0.01055604 1.259645 -0.05739774 0.05508361 0.03687177 0.04422376 -0.9968202 58.85404
Camera: -0.01036984 1.259813 -0.05769064 0.05573839 0.03573671 0.0446919 -0.9968043 58.8995
Camera: -0.01026243 1.259897 -0.05785169 0.05656796 0.03544088 0.04492954 -0.9967574 58.94134
Camera: -0.01007313 1.260214 -0.05800201 0.057578 0.03519301 0.04490045 -0.9967097 59.00278
Camera: -0.009816587 1.260422 -0.05826737 0.05846926 0.03437184 0.04603164 -0.9966349 59.04391
Camera: -0.009512722 1.260455 -0.05833842 0.05918016 0.03417555 0.04576457 -0.996612 59.08769
Camera: -0.009146988 1.260669 -0.05866946 0.06151783 0.03369778 0.04700227 -0.996429 59.14743
Camera: -0.008909881 1.260942 -0.05893077 0.06263661 0.03343667 0.04726171 -0.9963559 59.18876
Camera: -0.008825481 1.261239 -0.05965437 0.0643994 0.03265164 0.04759223 -0.9962538 59.23399
Noticed 59.55062
Google 67.66553
Camera: -0.01021367 1.258561 -0.05534329 0.04848052 0.03705911 0.04383745 -0.9971733 67.66553
Camera: -0.010176 1.258352 -0.05540968 0.04822072 0.03675112 0.04350436 -0.9972119 67.72964
Camera: -0.01018983 1.258413 -0.05541612 0.04887677 0.03679098 0.04354002 -0.9971769 67.76727
Camera: -0.01017469 1.258554 -0.05552734 0.04905332 0.03697549 0.04389006 -0.9971461 67.80782
Camera: -0.01029831 1.258558 -0.05561902 0.04927917 0.03733065 0.0440514 -0.9971146 67.85204
Camera: -0.01019448 1.258689 -0.05571522 0.05040888 0.03697161 0.04460877 -0.9970467 67.92274
Camera: -0.01012164 1.258714 -0.05563094 0.05057999 0.03620313 0.04392164 -0.9970968 67.96639
Camera: -0.01012433 1.258647 -0.0557356 0.05029005 0.03608194 0.04398572 -0.997113 68.00303
Camera: -0.01012677 1.258587 -0.05577482 0.05003831 0.03670651 0.04398463 -0.9971029 68.06654
Camera: -0.01036555 1.258558 -0.05580999 0.04932815 0.03686725 0.04382855 -0.9971392 68.10765
Camera: -0.0103159 1.258622 -0.05585064 0.04939575 0.03672352 0.04361026 -0.9971508 68.15686
Camera: -0.010418 1.258657 -0.05579223 0.05032073 0.0371859 0.0441442 -0.9970639 68.20209
Camera: -0.01046306 1.258942 -0.05556442 0.05097923 0.03770103 0.0444412 -0.9969979 68.25247
Camera: -0.01065105 1.258918 -0.0557145 0.05042736 0.03815835 0.04368914 -0.9970418 68.31768
Camera: -0.01043653 1.258468 -0.05595352 0.04879994 0.03559493 0.04265507 -0.9972624 68.36572
Camera: -0.01034707 1.258469 -0.05605711 0.04925161 0.03507735 0.04262304 -0.9972599 68.40939
Camera: -0.01032156 1.258655 -0.05588342 0.0501954 0.03572084 0.04313831 -0.9971678 68.4679
Camera: -0.010369 1.258989 -0.05588295 0.05088858 0.03698236 0.04504433 -0.9970024 68.50813
Camera: -0.01025575 1.258882 -0.05598022 0.05093791 0.0373431 0.04414381 -0.9970267 68.55207
Camera: -0.01033133 1.258722 -0.05602874 0.0505465 0.03674699 0.04390803 -0.9970791 68.6295
Camera: -0.009994924 1.258696 -0.05594267 0.05006172 0.03578375 0.04375088 -0.9971456 68.67368
Camera: -0.009973228 1.258659 -0.05587579 0.04976856 0.03599462 0.04371998 -0.997154 68.71808
Camera: -0.01016909 1.258625 -0.05590941 0.05028609 0.03686649 0.04473054 -0.9970514 68.77965
Camera: -0.01015812 1.258768 -0.05572595 0.05108151 0.0366995 0.04501462 -0.9970043 68.8229
Camera: -0.009850144 1.258761 -0.05570664 0.05056188 0.03578248 0.04427805 -0.9970971 68.86727
Camera: -0.009881794 1.25874 -0.05575897 0.0503828 0.03493837 0.04477082 -0.9971141 68.92688
Camera: -0.00989449 1.258634 -0.0555767 0.05000798 0.03582184 0.0445844 -0.9971099 68.96931
Camera: -0.01006168 1.258591 -0.05566086 0.04983362 0.03686275 0.04474952 -0.9970734 69.00633
Camera: -0.0101344 1.258666 -0.05567361 0.04955714 0.03726605 0.04491537 -0.9970647 69.07104
Camera: -0.01019055 1.258695 -0.05581488 0.04994259 0.03709171 0.0443515 -0.9970772 69.11149
Camera: -0.01019579 1.258762 -0.05594529 0.05069705 0.03698148 0.04442088 -0.9970402 69.15199
Camera: -0.01017112 1.258624 -0.05606021 0.05089066 0.03596801 0.04470636 -0.9970546 69.19524
Camera: -0.01014709 1.258581 -0.05598308 0.05073571 0.03605423 0.04458325 -0.9970649 69.2566
Camera: -0.01022279 1.258644 -0.05595364 0.0505772 0.03639685 0.04493181 -0.9970448 69.29906
Camera: -0.01018399 1.258726 -0.05576481 0.05082341 0.03660234 0.04477881 -0.9970317 69.34132
Camera: -0.01015741 1.258906 -0.05567361 0.05077824 0.03652127 0.04521371 -0.9970173 69.3912
Camera: -0.01014507 1.258933 -0.05564429 0.05050815 0.03709392 0.04491029 -0.9970236 69.45892
Camera: -0.01002133 1.260256 -0.05550815 0.05597119 0.03652619 0.04616389 -0.9966955 69.50652
Camera: -0.009835422 1.25973 -0.05559851 0.05497222 0.03558941 0.04631901 -0.9967778 69.54817
Camera: -0.009533823 1.259576 -0.05569531 0.05337134 0.03549356 0.04590596 -0.9968874 69.61325
Camera: -0.009330571 1.259852 -0.05570032 0.05475631 0.03563615 0.04755745 -0.9967297 69.67806
Camera: -0.009213746 1.259508 -0.05587055 0.05408446 0.03508197 0.04676765 -0.9968234 69.71524
Camera: -0.008994639 1.259644 -0.05586554 0.05434059 0.03467946 0.0473454 -0.9967963 69.75677
Camera: -0.00909394 1.25956 -0.05592074 0.05450142 0.03459165 0.04768058 -0.9967746 69.80143
Camera: -0.009107351 1.259562 -0.05600776 0.05476919 0.03425611 0.04744214 -0.9967829 69.86063
Camera: -0.009200871 1.259799 -0.05582894 0.05507865 0.03457752 0.04705065 -0.9967733 69.90179
Camera: -0.009310126 1.259719 -0.05588402 0.05534259 0.03506458 0.04704242 -0.9967421 69.94666
Camera: -0.009338081 1.259579 -0.05568887 0.05469983 0.03521337 0.04713528 -0.9967679 70.00657
Noticed 70.32449
