CHI 18.64992
Camera: -0.1166522 1.313178 -0.2452736 -0.02933674 0.08166113 0.02415968 -0.9959353 18.64992
Camera: -0.1164552 1.313307 -0.2454759 -0.02848076 0.08120725 0.0287312 -0.9958759 18.69579
Camera: -0.1157936 1.312806 -0.2455625 -0.03169214 0.07737965 0.02933089 -0.9960662 18.76219
Camera: -0.1152691 1.312505 -0.2453222 -0.03324179 0.074851 0.02936447 -0.9962078 18.80608
Camera: -0.1139214 1.311525 -0.2447965 -0.03749239 0.0670971 0.02889349 -0.996623 18.86542
Camera: -0.1130604 1.311068 -0.2444953 -0.04020363 0.06271702 0.02930023 -0.9967908 18.90661
Camera: -0.110916 1.310413 -0.2445523 -0.04268125 0.05481207 0.02991355 -0.9971355 18.96072
Camera: -0.1098659 1.310266 -0.2448051 -0.04387625 0.05135107 0.03115765 -0.9972298 19.00218
Camera: -0.10763 1.309904 -0.2447757 -0.04589596 0.04379065 0.03237399 -0.9974607 19.05399
Camera: -0.1066208 1.309584 -0.2448929 -0.04706562 0.03990924 0.03303096 -0.9975476 19.09523
Camera: -0.1054543 1.309597 -0.2450727 -0.04806294 0.0358815 0.03310667 -0.9976505 19.13602
Camera: -0.1031747 1.309557 -0.2451971 -0.04779214 0.02780229 0.03410849 -0.9978876 19.18115
Camera: -0.1019242 1.309994 -0.2453028 -0.04533422 0.02455586 0.03503985 -0.9980552 19.22995
Camera: -0.1010115 1.310305 -0.2454564 -0.04419517 0.02077443 0.0362726 -0.9981481 19.27242
Camera: -0.09950152 1.310194 -0.2461245 -0.04400676 0.01511037 0.03778334 -0.9982021 19.32256
Camera: -0.09886959 1.310151 -0.246303 -0.04439104 0.01325586 0.0385858 -0.9981808 19.3676
Camera: -0.09810951 1.31 -0.2467943 -0.04396301 0.01008281 0.03881897 -0.9982278 19.41037
Camera: -0.09780815 1.309976 -0.2470722 -0.0440912 0.009296509 0.03911232 -0.9982184 19.46684
Camera: -0.09781852 1.310005 -0.2472175 -0.04335375 0.009654772 0.03907473 -0.9982487 19.51504
Camera: -0.09816101 1.310044 -0.2474398 -0.04365991 0.01076283 0.03913641 -0.9982216 19.56145
Camera: -0.0984225 1.310374 -0.2475447 -0.04322923 0.01160511 0.03894226 -0.9982385 19.61618
Camera: -0.09892127 1.310463 -0.247544 -0.04205449 0.01351678 0.03789499 -0.9983049 19.65754
Camera: -0.09932223 1.310672 -0.2477059 -0.04194759 0.01423236 0.03828908 -0.9982845 19.71152
Camera: -0.0998629 1.310909 -0.2478265 -0.04099313 0.01532805 0.03684952 -0.9983621 19.75583
Camera: -0.1002174 1.310988 -0.247709 -0.03997007 0.01563022 0.03687254 -0.998398 19.81412
Camera: -0.1009368 1.311399 -0.2479299 -0.03833279 0.01730922 0.03632601 -0.9984546 19.85403
Camera: -0.1012459 1.311904 -0.2478558 -0.0367726 0.01925073 0.03612566 -0.998485 19.89686
Camera: -0.1020273 1.312528 -0.2479949 -0.03283392 0.02486395 0.03555396 -0.9985188 19.95355
Camera: -0.1025658 1.313185 -0.2482157 -0.0305962 0.02841029 0.0362624 -0.9984697 19.99833
Camera: -0.1035179 1.314019 -0.24861 -0.0247805 0.03686872 0.0379841 -0.9982905 20.04292
Camera: -0.1041819 1.314574 -0.2488574 -0.02086858 0.04260563 0.03902029 -0.9981116 20.09696
Camera: -0.1049705 1.315547 -0.2491337 -0.01623058 0.04972982 0.04034298 -0.9978156 20.13894
Camera: -0.1067194 1.316827 -0.2501562 -0.009398146 0.06303444 0.04413978 -0.9969905 20.19288
Camera: -0.10758 1.317328 -0.2504739 -0.006910441 0.06897651 0.04593365 -0.9965363 20.23679
Camera: -0.1090123 1.317552 -0.2509788 -0.002996221 0.07921744 0.04798364 -0.9956974 20.28794
Camera: -0.1101874 1.317818 -0.251308 -0.001074141 0.086777 0.05027278 -0.9949579 20.33792
Camera: -0.1107546 1.318018 -0.2516355 -4.412648E-05 0.08941673 0.05099919 -0.9946878 20.38278
Camera: -0.1110022 1.318037 -0.252029 0.0009308147 0.09163242 0.051098 -0.9944806 20.43089
Camera: -0.1112885 1.318285 -0.2521049 0.001826077 0.09315623 0.05081262 -0.9943524 20.48295
Camera: -0.1114996 1.318536 -0.2521958 0.004016755 0.09439704 0.05032672 -0.9942537 20.52443
Camera: -0.11145 1.318766 -0.2519644 0.004225886 0.09399164 0.05164539 -0.9942236 20.58149
Camera: -0.111161 1.318694 -0.2516232 0.003072828 0.09031652 0.05309676 -0.994492 20.62572
Camera: -0.1107046 1.318313 -0.2515078 0.001966244 0.08758672 0.05337333 -0.9947242 20.67385
Camera: -0.1101396 1.317781 -0.2511938 -0.0007906766 0.08323774 0.05415447 -0.9950569 20.73536
Camera: -0.109955 1.317336 -0.2508901 -0.002377887 0.07991241 0.05451059 -0.9953075 20.78134
Camera: -0.1098396 1.317103 -0.2505118 -0.003296713 0.07852524 0.05477206 -0.995401 20.83718
Camera: -0.1099078 1.316671 -0.2498791 -0.006081258 0.0766415 0.05366088 -0.9955951 20.87929
Camera: -0.1097737 1.31616 -0.2496684 -0.007552477 0.07556517 0.05418226 -0.9956391 20.92625
Camera: -0.1095209 1.315936 -0.2494814 -0.009527187 0.07432773 0.05500817 -0.99567 20.97975
Camera: -0.1087031 1.315207 -0.2489211 -0.01381275 0.06893707 0.05406389 -0.9960592 21.02247
Camera: -0.107825 1.31481 -0.2487667 -0.01612046 0.06451674 0.05242681 -0.9964082 21.08075
Camera: -0.1050935 1.313513 -0.2488395 -0.02151517 0.05135414 0.05131304 -0.9971293 21.12683
Camera: -0.1033513 1.313081 -0.2488938 -0.02436418 0.04298243 0.05168737 -0.9974404 21.18376
Camera: -0.09976825 1.312484 -0.2491226 -0.02701465 0.02668976 0.05062114 -0.9979957 21.22436
Camera: -0.09810522 1.31244 -0.2493466 -0.02812922 0.01924337 0.05137209 -0.9980979 21.27893
Camera: -0.09518829 1.311787 -0.2499065 -0.02974832 0.007675976 0.05151707 -0.9981995 21.33246
Camera: -0.09284404 1.311579 -0.2507067 -0.0314472 -0.002713688 0.05270814 -0.998111 21.37565
Camera: -0.09142867 1.311384 -0.2509742 -0.03189467 -0.006952993 0.0532472 -0.9980477 21.43023
Camera: -0.08921155 1.310866 -0.2515805 -0.03420268 -0.01537001 0.05461081 -0.9978034 21.47283
Camera: -0.08826014 1.310511 -0.2516828 -0.03480909 -0.01885838 0.05445392 -0.9977312 21.51483
Camera: -0.08748153 1.310149 -0.2519682 -0.03616347 -0.02223516 0.05455548 -0.9976079 21.562
Camera: -0.08689949 1.310033 -0.252076 -0.03715619 -0.02481902 0.05494583 -0.9974891 21.61191
Camera: -0.08626249 1.309999 -0.2522068 -0.04051654 -0.02860698 0.0537883 -0.9973199 21.65457
Camera: -0.08598533 1.309826 -0.2522972 -0.04107078 -0.0301066 0.05286212 -0.9973026 21.69921
Camera: -0.08573744 1.309806 -0.2519897 -0.04132255 -0.0316621 0.05272708 -0.9972512 21.74952
Camera: -0.08575574 1.309651 -0.2518622 -0.04168736 -0.03159648 0.05272697 -0.997238 21.79512
Camera: -0.08592406 1.309801 -0.2515277 -0.04193649 -0.03083371 0.05322876 -0.9972248 21.8403
Camera: -0.0861313 1.309712 -0.2514685 -0.04238181 -0.02960397 0.0529511 -0.9972581 21.8973
Camera: -0.08675084 1.309771 -0.2509625 -0.0424484 -0.02758082 0.05302704 -0.9973092 21.94275
Camera: -0.08724788 1.309681 -0.2509131 -0.04229148 -0.02603265 0.05225353 -0.9973983 21.99914
Camera: -0.08812395 1.309681 -0.2505983 -0.04226173 -0.02353427 0.05151462 -0.9975001 22.04182
Camera: -0.08862546 1.309989 -0.2505034 -0.04235996 -0.02234042 0.0512139 -0.9975388 22.08744
Camera: -0.08897832 1.309965 -0.2502332 -0.04214753 -0.02089412 0.0511138 -0.9975843 22.1407
Camera: -0.08982465 1.309803 -0.2499114 -0.04192288 -0.01877302 0.05080611 -0.9976517 22.1854
Camera: -0.09014222 1.309791 -0.2497664 -0.04202375 -0.01769755 0.05034953 -0.9976902 22.24504
Camera: -0.09079644 1.310058 -0.249919 -0.04199519 -0.01564768 0.04894684 -0.9977955 22.28814
Camera: -0.09112707 1.310164 -0.250053 -0.04159703 -0.01430472 0.04851301 -0.9978535 22.34024
Camera: -0.09164634 1.310517 -0.2499706 -0.04081177 -0.01177516 0.04847149 -0.997921 22.38167
Camera: -0.09182438 1.310703 -0.2500498 -0.03917594 -0.009806228 0.048372 -0.9980127 22.43513
Camera: -0.09228864 1.311406 -0.2505692 -0.03515429 -0.004537343 0.049108 -0.9981644 22.47664
Camera: -0.09265766 1.311936 -0.250582 -0.03222447 -0.0003352538 0.0501441 -0.9982219 22.52439
Camera: -0.09317169 1.312609 -0.2508177 -0.02902115 0.004264239 0.05117466 -0.9982589 22.57456
Camera: -0.09419253 1.313546 -0.2511258 -0.02373343 0.01306172 0.05322887 -0.9982148 22.61726
Camera: -0.09462741 1.313965 -0.2518304 -0.02118126 0.01698847 0.05494241 -0.9981203 22.66132
Camera: -0.09513584 1.314361 -0.2520474 -0.0187227 0.02110432 0.05535192 -0.9980683 22.70535
Camera: -0.09605184 1.315537 -0.2530678 -0.01410082 0.02963239 0.0564696 -0.9978649 22.75412
Camera: -0.09666941 1.31591 -0.253047 -0.01060992 0.03375909 0.05669317 -0.9977643 22.7949
Camera: -0.09746787 1.316745 -0.25319 -0.00716228 0.03841456 0.05663561 -0.9976299 22.83912
Camera: -0.09927073 1.31741 -0.253952 -0.002186431 0.04850448 0.05680138 -0.9972042 22.88934
Camera: -0.1005398 1.317964 -0.2543427 0.0003970183 0.05334886 0.05767487 -0.9969089 22.93397
Camera: -0.1033328 1.31883 -0.2546311 0.00473267 0.06550027 0.05635329 -0.9962488 22.97813
Camera: -0.1049991 1.319186 -0.254756 0.006275827 0.0710179 0.05648058 -0.995855 23.02315
Camera: -0.106268 1.319237 -0.2548885 0.007821267 0.07645979 0.05615867 -0.9954592 23.06935
Camera: -0.1089811 1.319764 -0.2552334 0.00974491 0.08542866 0.05434134 -0.9948136 23.12542
Camera: -0.1101363 1.31987 -0.2554534 0.01058692 0.08833002 0.05388893 -0.9945762 23.16798
Camera: -0.1116841 1.320237 -0.2551966 0.01264087 0.0918651 0.05238916 -0.994312 23.22416
Camera: -0.112356 1.320259 -0.2552029 0.01261591 0.09284513 0.05278655 -0.9942003 23.26752
Camera: -0.1130992 1.320356 -0.2548136 0.01171856 0.09214557 0.05512395 -0.9941495 23.32405
Camera: -0.113854 1.320527 -0.254254 0.01288082 0.09082633 0.05365711 -0.9943368 23.37795
Camera: -0.1141372 1.320326 -0.25393 0.01226487 0.09039658 0.05346704 -0.9943939 23.42483
Camera: -0.1142196 1.320022 -0.2534571 0.01048573 0.08958874 0.05306709 -0.9945089 23.47446
Camera: -0.1140926 1.319093 -0.2528643 0.005843074 0.0870211 0.05240832 -0.9948099 23.53414
Camera: -0.1133419 1.318695 -0.2523574 0.002571279 0.08495858 0.05122551 -0.9950635 23.57713
Camera: -0.1125795 1.318417 -0.2520357 0.001803653 0.08446382 0.04981193 -0.9951791 23.62292
Camera: -0.1118784 1.318006 -0.2519529 -0.0001520239 0.08171138 0.05310254 -0.9952404 23.67839
Camera: -0.1092274 1.317317 -0.2521541 -0.003206551 0.07550383 0.05396652 -0.9956789 23.7192
Camera: -0.1074765 1.316862 -0.252392 -0.005321894 0.06984796 0.056361 -0.99595 23.77351
Camera: -0.1026675 1.315974 -0.2525695 -0.009932926 0.05219004 0.05676856 -0.9969729 23.81508
Camera: -0.09983632 1.315144 -0.2527156 -0.01297751 0.04021645 0.05754977 -0.9974478 23.85616
Camera: -0.09677127 1.314431 -0.2529106 -0.01656673 0.02701056 0.05669516 -0.9978886 23.90023
Camera: -0.09102067 1.313384 -0.2538564 -0.01989823 0.002431619 0.05722072 -0.9981603 23.95089
Camera: -0.08807597 1.312918 -0.2540511 -0.02170654 -0.00911636 0.05821843 -0.9980263 23.99262
Camera: -0.08559635 1.312815 -0.2544517 -0.02187179 -0.01938753 0.05792543 -0.997893 24.05126
Camera: -0.08142003 1.312281 -0.2552347 -0.02451804 -0.03625205 0.0561469 -0.9974629 24.09422
Camera: -0.0797562 1.312094 -0.2556586 -0.02599221 -0.0424398 0.05243429 -0.9973836 24.13565
Camera: -0.07690147 1.311323 -0.2564142 -0.03100966 -0.05543143 0.04072877 -0.9971494 24.2005
Camera: -0.07508996 1.31105 -0.2569124 -0.03406899 -0.06784708 0.03497746 -0.9965003 24.24376
Camera: -0.0746164 1.310681 -0.2571793 -0.0357754 -0.07314853 0.03536869 -0.9960514 24.28682
Camera: -0.07418135 1.310489 -0.257253 -0.0368176 -0.07627071 0.03601453 -0.9957561 24.32796
Camera: -0.07396665 1.31007 -0.2573745 -0.03854444 -0.07854367 0.03705417 -0.9954759 24.39457
Camera: -0.07395214 1.309731 -0.2575366 -0.04024972 -0.0799732 0.03876561 -0.9952294 24.43602
Camera: -0.07419187 1.30999 -0.2573374 -0.0401898 -0.08088077 0.0379414 -0.9951902 24.49192
Camera: -0.07434139 1.30993 -0.2571185 -0.04006996 -0.08087151 0.03726713 -0.9952213 24.52826
Camera: -0.07453907 1.3101 -0.257027 -0.04001911 -0.08064208 0.03678211 -0.99526 24.57374
Camera: -0.07510117 1.310355 -0.2567502 -0.03915554 -0.07827811 0.0357211 -0.9955217 24.63332
Camera: -0.07562089 1.310357 -0.2564366 -0.03886078 -0.07440966 0.03513916 -0.9958506 24.67913
Camera: -0.07596806 1.310345 -0.2565433 -0.03866597 -0.0724869 0.03490883 -0.996008 24.72468
Camera: -0.07627323 1.310487 -0.256626 -0.03792545 -0.07064421 0.03438993 -0.996187 24.77747
Camera: -0.07676074 1.312046 -0.2562987 -0.03149543 -0.06774925 0.03207844 -0.9966891 24.82005
Camera: -0.07686719 1.313476 -0.2563486 -0.02513619 -0.06672707 0.02945412 -0.9970196 24.87532
Camera: -0.07743141 1.316377 -0.2568772 -0.01219763 -0.06420074 0.02277501 -0.9976025 24.91668
Camera: -0.07802346 1.317501 -0.2574288 -0.007152271 -0.0604532 0.02025622 -0.9979399 24.9682
Camera: -0.07991889 1.319288 -0.2580633 0.004015202 -0.05070696 0.01828101 -0.9985382 25.00752
Camera: -0.08105648 1.320238 -0.2587382 0.00935501 -0.04293475 0.01796588 -0.9988726 25.05077
Camera: -0.08247569 1.321029 -0.259484 0.01492074 -0.03442607 0.01949247 -0.9991058 25.09927
Camera: -0.08547458 1.322453 -0.2609875 0.02500829 -0.01557783 0.02022547 -0.9993613 25.13962
Camera: -0.08707246 1.32359 -0.2617983 0.0305264 -0.006699431 0.02172119 -0.9992755 25.18525
Camera: -0.08859417 1.324318 -0.2624947 0.03512445 0.00243425 0.0218273 -0.9991416 25.23951
Camera: -0.09135166 1.326613 -0.2634875 0.04608322 0.01938738 0.02146683 -0.9985188 25.29213
Camera: -0.0938659 1.328044 -0.2645225 0.0555653 0.0359966 0.02161146 -0.9975719 25.34437
Camera: -0.09503886 1.328812 -0.2651266 0.06005728 0.04337285 0.02261633 -0.9969957 25.41143
Camera: -0.09692952 1.329975 -0.2665926 0.06685448 0.0557227 0.02530391 -0.9958841 25.45773
Camera: -0.09774557 1.330688 -0.2672051 0.07050178 0.06029144 0.02604351 -0.9953473 25.52152
Camera: -0.09900829 1.331506 -0.2682602 0.07548963 0.06662593 0.02571339 -0.9945859 25.56347
Camera: -0.1002481 1.332151 -0.2689039 0.07918496 0.06941043 0.02565948 -0.9941095 25.62031
Camera: -0.1005993 1.332119 -0.2691717 0.07968204 0.0687011 0.02569235 -0.9941182 25.66131
Camera: -0.101707 1.332551 -0.2695652 0.08105871 0.06631537 0.02548426 -0.9941742 25.71918
Camera: -0.102158 1.332692 -0.2697044 0.0825749 0.06459542 0.02536756 -0.9941657 25.76443
Camera: -0.1029413 1.333122 -0.2697155 0.08352393 0.05760965 0.0249131 -0.9945272 25.80895
Camera: -0.103414 1.333328 -0.2695661 0.08342722 0.05394017 0.02339823 -0.9947778 25.87118
Camera: -0.1030143 1.333769 -0.2690463 0.08335894 0.04021596 0.02098968 -0.9954866 25.91495
Camera: -0.1022549 1.333506 -0.2690166 0.08181143 0.03118601 0.01937117 -0.9959714 25.95841
Camera: -0.101443 1.333547 -0.2688382 0.08212806 0.02286818 0.01650397 -0.9962227 26.00981
Noticed 26.23284
Twitter 48.96278
Camera: -0.07048991 1.3205 -0.2998332 0.03326192 -0.1289351 0.04674004 -0.9899923 48.96278
Camera: -0.07221398 1.320559 -0.2993351 0.03274382 -0.131964 0.04628782 -0.9896317 49.02141
Camera: -0.07546166 1.320332 -0.2985392 0.03232072 -0.1363998 0.04587087 -0.9890634 49.07182
Camera: -0.07700029 1.320342 -0.2981822 0.03212262 -0.1381403 0.04449455 -0.9888911 49.12502
Camera: -0.08003572 1.320245 -0.2969697 0.03078866 -0.1403733 0.04171018 -0.9887405 49.16626
Camera: -0.08135349 1.319954 -0.2966031 0.02925826 -0.140254 0.04081719 -0.9888411 49.21779
Camera: -0.08254433 1.319525 -0.2960522 0.02721308 -0.1396018 0.03995096 -0.9890272 49.2585
Camera: -0.08502498 1.319036 -0.2946827 0.02337526 -0.1355825 0.03791287 -0.9897645 49.30234
Camera: -0.08598635 1.318791 -0.2941663 0.02168248 -0.132731 0.03771102 -0.9901971 49.3502
Camera: -0.08696184 1.318545 -0.2935563 0.02031275 -0.1293936 0.03663512 -0.9907082 49.38984
Camera: -0.0890412 1.318057 -0.2920228 0.01638492 -0.1207437 0.03350874 -0.9919827 49.44577
Camera: -0.09013954 1.31772 -0.2911368 0.01366178 -0.1152261 0.0324133 -0.9927164 49.4934
Camera: -0.09228566 1.316823 -0.2893191 0.00753207 -0.1033555 0.03109151 -0.9941299 49.53159
Camera: -0.09338155 1.31638 -0.2881626 0.004197337 -0.09645185 0.03017018 -0.9948714 49.58759
Camera: -0.09576777 1.315274 -0.2862189 -0.002064242 -0.08059645 0.03033474 -0.996283 49.62873
Camera: -0.09721801 1.314857 -0.2851221 -0.004991161 -0.07166896 0.03088905 -0.9969376 49.67112
Camera: -0.09852949 1.31412 -0.2843887 -0.0080507 -0.06267826 0.03190441 -0.9974912 49.72085
Camera: -0.1009363 1.313411 -0.2825174 -0.01195971 -0.04774476 0.03391119 -0.9982122 49.7627
Camera: -0.1021291 1.313104 -0.2815116 -0.01421757 -0.04170889 0.03374497 -0.9984586 49.81704
Camera: -0.10315 1.312658 -0.2807887 -0.01684438 -0.03631556 0.03361187 -0.998633 49.86304
Camera: -0.104891 1.311875 -0.2792189 -0.02156273 -0.0281395 0.03318197 -0.9988204 49.91131
Camera: -0.1054323 1.311801 -0.2784801 -0.02292564 -0.02514666 0.03191601 -0.9989111 49.97113
Camera: -0.1063577 1.31131 -0.2772381 -0.02626629 -0.021127 0.03113166 -0.9989467 50.01517
Camera: -0.1068673 1.310807 -0.2769826 -0.02874667 -0.01976874 0.03055462 -0.9989241 50.07028
Camera: -0.1073098 1.310132 -0.2761822 -0.03220176 -0.01775308 0.02920758 -0.9988968 50.11281
Camera: -0.1072752 1.309937 -0.2760335 -0.03348943 -0.01633466 0.02842899 -0.9989011 50.16726
Camera: -0.1072675 1.309692 -0.2759007 -0.03547142 -0.01288056 0.02759159 -0.9989067 50.2086
Camera: -0.107255 1.309811 -0.2757978 -0.03600164 -0.01090812 0.02680241 -0.9989327 50.26385
Camera: -0.1068029 1.309587 -0.275789 -0.03693043 -0.007130598 0.02598983 -0.9989544 50.30604
Camera: -0.1066593 1.309568 -0.2759765 -0.03776188 -0.005692333 0.02625829 -0.9989255 50.35859
Camera: -0.1056657 1.309369 -0.2758468 -0.03829538 -0.003678438 0.02654425 -0.9989071 50.40615
Camera: -0.1053779 1.309469 -0.2760882 -0.03824059 -0.003513306 0.02708675 -0.9988952 50.45322
Camera: -0.1044891 1.309143 -0.2765525 -0.03810082 -0.004154555 0.02815833 -0.9988685 50.50445
Camera: -0.1040659 1.309024 -0.2766077 -0.03823159 -0.004868574 0.02870411 -0.9988447 50.54841
Camera: -0.1037304 1.308889 -0.2766563 -0.03828029 -0.005711713 0.02944996 -0.9988167 50.59177
Camera: -0.1033872 1.309082 -0.2768027 -0.0377567 -0.007112521 0.03015889 -0.9988065 50.64124
Camera: -0.1032053 1.309278 -0.276882 -0.03745036 -0.007294857 0.03054904 -0.9988048 50.68461
Camera: -0.1030799 1.3097 -0.2770447 -0.03569017 -0.006968675 0.03045135 -0.9988745 50.73305
Camera: -0.1031545 1.309965 -0.2772704 -0.03414926 -0.006700619 0.03047978 -0.9989294 50.78586
Camera: -0.1027183 1.311171 -0.2772781 -0.0295261 -0.005759344 0.02952739 -0.9991112 50.83601
Camera: -0.1024093 1.311754 -0.2775097 -0.02616292 -0.004980266 0.02919 -0.9992191 50.88136
Camera: -0.1020434 1.312901 -0.2779065 -0.02121546 -0.004387302 0.02815282 -0.9993688 50.93538
Camera: -0.1012584 1.314944 -0.2791979 -0.01235155 -0.00215821 0.02551962 -0.9995956 50.98232
Camera: -0.1009568 1.316257 -0.2798645 -0.005207805 -0.0001660703 0.02372446 -0.999705 51.0253
Camera: -0.1002061 1.319887 -0.2816408 0.01204518 0.005354591 0.02012715 -0.9997106 51.08553
Camera: -0.09945038 1.323138 -0.2848963 0.02793513 0.01206401 0.016689 -0.9993976 51.12886
Camera: -0.09898499 1.324463 -0.2867307 0.03370902 0.01543364 0.01545779 -0.999193 51.18363
Camera: -0.09765372 1.326119 -0.2901831 0.04347473 0.02124197 0.01388497 -0.9987322 51.22656
Camera: -0.09682634 1.326896 -0.2919561 0.04721212 0.02361824 0.01273935 -0.9985244 51.28385
Camera: -0.09579787 1.327504 -0.2933047 0.05059516 0.02555487 0.01146327 -0.9983265 51.32552
Camera: -0.0933384 1.328782 -0.2961724 0.05690261 0.02712781 0.009931439 -0.9979617 51.37212
Camera: -0.09200183 1.329332 -0.2973289 0.06000579 0.02732796 0.009193083 -0.9977816 51.42611
Camera: -0.0887787 1.330282 -0.2993357 0.06447948 0.02674499 0.008421709 -0.997525 51.46961
Camera: -0.08702371 1.330618 -0.300098 0.06516276 0.02670849 0.008540856 -0.9974806 51.52374
Camera: -0.08363318 1.330754 -0.3019224 0.06606792 0.02655575 0.009208202 -0.9974192 51.56803
Camera: -0.08198473 1.33064 -0.302764 0.06610014 0.02729942 0.01004254 -0.997389 51.61403
Camera: -0.08030796 1.329995 -0.3031431 0.06561397 0.02797677 0.01116801 -0.9973903 51.65866
Camera: -0.07724375 1.329902 -0.3041905 0.06442063 0.02950841 0.01390341 -0.9973896 51.70677
Camera: -0.07613471 1.330179 -0.3045764 0.06461784 0.02984062 0.01488233 -0.9973528 51.74851
Camera: -0.07489982 1.33029 -0.3046786 0.06435197 0.03002594 0.01561862 -0.9973532 51.80574
Camera: -0.07270515 1.330128 -0.3044024 0.06332643 0.02970812 0.01783583 -0.9973912 51.86195
Camera: -0.07108179 1.329082 -0.3037325 0.05943395 0.02868961 0.0187852 -0.9976431 51.90826
Camera: -0.07041389 1.328272 -0.3033633 0.05609471 0.02772183 0.02033198 -0.9978334 51.95539
Camera: -0.06940278 1.326598 -0.3023822 0.04818358 0.02452826 0.02194299 -0.9982962 52.00462
Camera: -0.06918687 1.32588 -0.3018275 0.04445648 0.02204066 0.02309227 -0.9985012 52.0465
Camera: -0.06921852 1.325406 -0.3012601 0.04169037 0.01944991 0.02356762 -0.9986632 52.10127
Camera: -0.0697946 1.323831 -0.3002649 0.03402872 0.01361548 0.02451768 -0.9990273 52.14637
Camera: -0.07034373 1.323545 -0.2998759 0.03020869 0.01154184 0.02310445 -0.9992099 52.185
Camera: -0.07130888 1.322485 -0.2987304 0.02348292 0.008518725 0.02048656 -0.999478 52.2415
Camera: -0.07169345 1.32177 -0.2981251 0.01951926 0.007352005 0.01965985 -0.9995891 52.28917
Camera: -0.07233617 1.320285 -0.2969679 0.01151409 0.006304394 0.01829389 -0.9997465 52.34415
Camera: -0.07258794 1.319359 -0.2965581 0.007221212 0.006117975 0.01709231 -0.9998091 52.38795
Camera: -0.07284626 1.318576 -0.2956931 0.002382998 0.005698392 0.01653229 -0.9998443 52.43225
Camera: -0.07284728 1.318555 -0.2953809 0.001545216 0.005900316 0.0166927 -0.9998421 52.49072
Camera: -0.07280955 1.318645 -0.2944617 0.001406539 0.006461931 0.01669279 -0.9998388 52.53384
Camera: -0.07274994 1.31876 -0.2942266 0.001111722 0.006886577 0.01691524 -0.9998326 52.58747
Camera: -0.07251772 1.318354 -0.293519 -0.0003807308 0.007098234 0.01819738 -0.9998092 52.62964
Camera: -0.07250172 1.318011 -0.2933493 -0.002194975 0.007029586 0.0182114 -0.9998071 52.68701
Camera: -0.07214388 1.317588 -0.293188 -0.003419854 0.006358828 0.01800285 -0.9998119 52.72495
Camera: -0.07196739 1.317381 -0.2932742 -0.004016233 0.006195343 0.01810275 -0.9998089 52.76508
Camera: -0.0715417 1.317409 -0.2933826 -0.004259505 0.006047553 0.01835287 -0.9998043 52.80946
Camera: -0.07117617 1.317292 -0.2935882 -0.00400984 0.005682744 0.01885113 -0.9997981 52.86803
Camera: -0.0704563 1.317475 -0.2936872 -0.003150237 0.004737203 0.01953552 -0.999793 52.91053
Camera: -0.07004049 1.317543 -0.2939816 -0.002538713 0.004315776 0.0203099 -0.9997813 52.95191
Camera: -0.06937376 1.317721 -0.2939404 -0.001284007 0.002866508 0.02118825 -0.9997706 53.00611
Camera: -0.0690783 1.317907 -0.2939538 -0.0007587833 0.002058599 0.02115015 -0.9997739 53.04912
Camera: -0.06876019 1.31787 -0.2938376 -0.0010818 0.0006170484 0.02185729 -0.9997604 53.0981
Camera: -0.0685682 1.317688 -0.2939307 -0.0008536118 -0.0001512684 0.021962 -0.9997585 53.14952
Camera: -0.06853035 1.31783 -0.2940815 -0.0005478429 -0.001110001 0.02218298 -0.9997532 53.19229
Camera: -0.06846219 1.317778 -0.2943301 -6.007613E-05 -0.001203911 0.02200538 -0.9997572 53.25003
Camera: -0.06858796 1.318374 -0.2945636 0.002877058 -0.001552222 0.02204769 -0.9997516 53.29436
Camera: -0.06850234 1.318809 -0.294611 0.005337703 -0.002046348 0.02186047 -0.9997447 53.33434
Camera: -0.06849512 1.319394 -0.2947752 0.007733636 -0.003595138 0.02170833 -0.999728 53.39288
Camera: -0.06781402 1.321221 -0.2951892 0.01603874 -0.008183075 0.01977376 -0.9996424 53.43803
Camera: -0.06732613 1.322135 -0.2957706 0.02149716 -0.01143331 0.01965729 -0.9995103 53.48721
Camera: -0.06647697 1.325012 -0.2972776 0.03498077 -0.01899266 0.01643793 -0.9990723 53.54307
Camera: -0.06610256 1.3261 -0.2984096 0.0409591 -0.02272921 0.01543286 -0.9987831 53.58421
Camera: -0.065384 1.327162 -0.3002843 0.04887364 -0.0289909 0.01430995 -0.9982816 53.63889
Camera: -0.06496781 1.327921 -0.3014325 0.052276 -0.03167615 0.01454696 -0.9980242 53.68238
Camera: -0.06470436 1.328546 -0.3023569 0.05620081 -0.03426578 0.0144803 -0.9977263 53.73779
Camera: -0.06400302 1.329935 -0.3045209 0.06413388 -0.03902396 0.01466315 -0.9970702 53.78086
Camera: -0.06358281 1.330682 -0.3055345 0.06839252 -0.04114543 0.01417095 -0.996709 53.835
Camera: -0.06263128 1.332127 -0.3073135 0.07758769 -0.04503876 0.01339022 -0.9958777 53.88328
Camera: -0.06232342 1.332988 -0.3081082 0.08137721 -0.04694652 0.01278935 -0.995495 53.92363
Camera: -0.06163642 1.334374 -0.3095093 0.08820747 -0.04968572 0.01205313 -0.9947892 53.96496
Camera: -0.06133372 1.334559 -0.3100811 0.090002 -0.05099952 0.01162074 -0.9945671 54.01551
Camera: -0.0610005 1.334815 -0.3105383 0.0914773 -0.0520173 0.0113778 -0.9943826 54.05642
Camera: -0.06055453 1.334665 -0.3114633 0.09351412 -0.05490174 0.01139578 -0.9940377 54.10097
Camera: -0.0601829 1.334867 -0.312157 0.09391394 -0.0566895 0.01127856 -0.9939011 54.1545
Noticed 54.34332
Youtube 73.22773
Camera: -0.03079012 1.335769 -0.3102521 0.09503239 -0.1157036 -0.01626149 -0.9885935 73.22773
Camera: -0.03009233 1.336522 -0.3111188 0.09893367 -0.1200776 -0.01702641 -0.9876759 73.27699
Camera: -0.02949876 1.337068 -0.3119273 0.103165 -0.1224235 -0.01927525 -0.9869134 73.33061
Camera: -0.02930471 1.337344 -0.3122197 0.1047572 -0.1235347 -0.02067682 -0.9865788 73.38723
Camera: -0.02917227 1.337986 -0.3127727 0.1085294 -0.1255734 -0.02264726 -0.9858701 73.43934
Camera: -0.02931243 1.338603 -0.3131474 0.1111474 -0.1259272 -0.02373881 -0.9855075 73.49615
Camera: -0.02997395 1.339802 -0.31343 0.1169068 -0.1242921 -0.02606673 -0.9849898 73.5376
Camera: -0.03038925 1.340098 -0.3135721 0.1188273 -0.122333 -0.02700804 -0.9849799 73.59051
Camera: -0.03156045 1.340924 -0.3139722 0.1230412 -0.1185342 -0.02706674 -0.9849253 73.63158
Camera: -0.03234532 1.341334 -0.3140813 0.1247232 -0.1157639 -0.0273401 -0.9850358 73.67495
Camera: -0.03415677 1.341833 -0.314266 0.1279905 -0.1093932 -0.02789221 -0.9853292 73.72689
Camera: -0.03512028 1.341862 -0.3141934 0.1290821 -0.1048934 -0.02843588 -0.9856605 73.76705
Camera: -0.03650728 1.342332 -0.3140913 0.1301206 -0.1004088 -0.02825634 -0.9859961 73.82072
Camera: -0.03881457 1.342601 -0.3139471 0.130741 -0.0918137 -0.02844981 -0.986746 73.85766
Camera: -0.03963289 1.342584 -0.3140404 0.1301794 -0.08817501 -0.02807082 -0.9871629 73.89892
Camera: -0.04068956 1.342307 -0.3138201 0.1293046 -0.08516411 -0.02779425 -0.98755 73.94283
Camera: -0.04225305 1.34198 -0.3135525 0.1276322 -0.07912163 -0.02761681 -0.9882748 73.991
Camera: -0.04306781 1.34178 -0.3131884 0.1265974 -0.0761207 -0.02778288 -0.9886389 74.03209
Camera: -0.04393303 1.341607 -0.3128034 0.124847 -0.07297381 -0.02771882 -0.9891005 74.0761
Camera: -0.04564235 1.341329 -0.3120022 0.1227265 -0.0656886 -0.02747314 -0.9898831 74.1244
Camera: -0.0463368 1.340967 -0.3116572 0.1205419 -0.06209477 -0.02717507 -0.9903916 74.16529
Camera: -0.04683807 1.340499 -0.3110093 0.1176989 -0.05851431 -0.02707784 -0.990954 74.20935
Camera: -0.04778355 1.339076 -0.3095681 0.1096145 -0.05030858 -0.02586882 -0.9923631 74.26781
Camera: -0.0483163 1.338037 -0.3086866 0.1049565 -0.04629793 -0.02506813 -0.9930822 74.31335
Camera: -0.04882857 1.336796 -0.3065234 0.09631624 -0.03887325 -0.02443027 -0.9942914 74.35115
Camera: -0.04878822 1.336061 -0.3054774 0.09370608 -0.03624009 -0.02315402 -0.9946707 74.40286
Camera: -0.04886356 1.335604 -0.3044436 0.09066843 -0.03393026 -0.02273773 -0.9950432 74.45444
Camera: -0.04843637 1.33496 -0.3027019 0.08611576 -0.03068347 -0.02103396 -0.9955904 74.50008
Camera: -0.04805398 1.334699 -0.3020306 0.08541229 -0.02982057 -0.02061044 -0.9956861 74.56345
Camera: -0.04744616 1.334105 -0.3013796 0.08145678 -0.02935231 -0.01790505 -0.9960837 74.60914
Camera: -0.04669079 1.332439 -0.3000543 0.073338 -0.02865563 -0.0156437 -0.9967726 74.65409
Camera: -0.04658973 1.331277 -0.2994719 0.06879248 -0.02809073 -0.01285397 -0.9971526 74.70579
Camera: -0.04648086 1.330749 -0.2989138 0.06598539 -0.02720238 -0.01141576 -0.9973844 74.74872
Camera: -0.04647064 1.33058 -0.2977185 0.06542699 -0.02566642 -0.01202689 -0.9974548 74.80293
Camera: -0.0462018 1.331364 -0.2974865 0.0700758 -0.02617649 -0.01239105 -0.9971212 74.84552
Camera: -0.0457072 1.335195 -0.2982423 0.0884901 -0.02861546 -0.01459151 -0.995559 74.9002
Noticed 75.13693
Tiktok 92.45285
Camera: -0.07960466 1.316317 -0.297235 0.003121829 -0.203302 0.03698265 -0.9784124 92.45285
Camera: -0.08077899 1.317306 -0.2970079 0.007062179 -0.1982746 0.03472716 -0.9795057 92.50628
Camera: -0.08284843 1.318999 -0.2969189 0.01458613 -0.1868115 0.0315567 -0.9817805 92.54725
Camera: -0.08453706 1.321158 -0.296857 0.02400087 -0.1742336 0.02807641 -0.9840114 92.61112
Camera: -0.08561561 1.322217 -0.2966757 0.02942602 -0.1670035 0.02694195 -0.9851488 92.65273
Camera: -0.08640936 1.32338 -0.2967398 0.03589939 -0.1591168 0.02627413 -0.986257 92.70158
Camera: -0.0878711 1.325253 -0.2969416 0.04789673 -0.1448887 0.0285395 -0.9878758 92.74258
Camera: -0.08859518 1.326056 -0.2974242 0.05229193 -0.1364984 0.02879173 -0.9888402 92.78207
Camera: -0.08960107 1.326537 -0.2978621 0.05591148 -0.1290799 0.02993578 -0.9896041 92.8264
Camera: -0.09049353 1.327059 -0.2983378 0.06051539 -0.1221921 0.03108714 -0.990172 92.87638
Camera: -0.09253892 1.328696 -0.298885 0.06880672 -0.1099249 0.03387555 -0.9909766 92.91857
Camera: -0.09342667 1.329237 -0.2989739 0.07250749 -0.1032427 0.0336874 -0.9914377 92.96506
Camera: -0.09463444 1.330326 -0.2987263 0.07732435 -0.09571275 0.03426243 -0.9918095 93.01534
Camera: -0.09803215 1.331664 -0.2981596 0.08516957 -0.07321849 0.04024829 -0.9928572 93.05861
Camera: -0.09963122 1.33213 -0.2978695 0.08754145 -0.06271023 0.04014726 -0.9933742 93.10172
Camera: -0.1024264 1.332718 -0.2980914 0.09053792 -0.0468443 0.03842923 -0.9940482 93.15162
Camera: -0.1033352 1.333028 -0.2980523 0.09162292 -0.04221354 0.03710463 -0.9942065 93.18993
Camera: -0.1038693 1.333262 -0.2982177 0.09186044 -0.03957672 0.03592897 -0.9943362 93.24512
Camera: -0.1047378 1.333314 -0.2983498 0.09056224 -0.03421422 0.03411663 -0.9947181 93.29151
Camera: -0.1052538 1.332977 -0.2984416 0.08837129 -0.03005033 0.03259965 -0.9951004 93.32985
Camera: -0.1058211 1.332449 -0.2979133 0.08580267 -0.02550828 0.03026645 -0.9955256 93.38289
Camera: -0.1064917 1.332427 -0.2977551 0.0828499 -0.01569862 0.02565545 -0.9961081 93.42439
Camera: -0.1064468 1.332566 -0.2976583 0.08219901 -0.01036408 0.02392032 -0.9962749 93.46802
Camera: -0.1058792 1.332012 -0.2975135 0.07980884 -0.001450525 0.02214754 -0.9965631 93.5184
Camera: -0.1053604 1.332015 -0.2975035 0.07873281 0.002067712 0.02168987 -0.9966577 93.55817
Camera: -0.1035677 1.332459 -0.29774 0.07835238 0.00649912 0.02169758 -0.9966684 93.61043
Camera: -0.1023185 1.332304 -0.2975611 0.07790887 0.007361268 0.02199605 -0.9966907 93.6539
Camera: -0.1009386 1.332028 -0.2977864 0.07701787 0.008526507 0.02162697 -0.9967587 93.71078
Camera: -0.09856591 1.331869 -0.2980939 0.07467362 0.01196426 0.02199771 -0.9968936 93.75597
Camera: -0.09754601 1.331729 -0.2980086 0.07324718 0.01399106 0.02186178 -0.996976 93.79985
Camera: -0.09545144 1.331153 -0.2986405 0.07165063 0.01827376 0.02200612 -0.9970196 93.85244
Camera: -0.09459457 1.33115 -0.2987826 0.07136872 0.02082527 0.02194048 -0.9969912 93.88844
Camera: -0.0938274 1.331336 -0.299308 0.071037 0.02377193 0.02161547 -0.9969561 93.93082
Camera: -0.09258303 1.331248 -0.2994619 0.07040372 0.03049103 0.02182464 -0.9968136 93.978
Camera: -0.09225896 1.331353 -0.2996874 0.07012179 0.03513852 0.02107123 -0.9966967 94.02799
Camera: -0.09229258 1.331394 -0.2997728 0.06999516 0.04056327 0.02113261 -0.9964982 94.07367
Camera: -0.09265175 1.330421 -0.299812 0.06771398 0.05335221 0.02074467 -0.9960613 94.11682
Camera: -0.09339204 1.330475 -0.3000584 0.06705499 0.0623928 0.02032506 -0.9955891 94.17013
Camera: -0.09466049 1.330137 -0.3001651 0.0647546 0.08008745 0.01887921 -0.9945031 94.21513
Camera: -0.09541097 1.330044 -0.3001459 0.06292655 0.08869617 0.01868667 -0.9938934 94.2603
Camera: -0.09622476 1.330224 -0.300468 0.06131966 0.09609481 0.01834733 -0.9933122 94.30792
Camera: -0.09685478 1.330045 -0.3004872 0.06082089 0.1087733 0.01648018 -0.9920673 94.34957
Camera: -0.09708372 1.330121 -0.3005481 0.0611679 0.1145932 0.01652982 -0.9913898 94.40363
Camera: -0.09733555 1.330338 -0.3009005 0.06148362 0.1237521 0.01717044 -0.9902577 94.44955
Camera: -0.09747919 1.330224 -0.3009363 0.06145768 0.127511 0.01759637 -0.9897749 94.48969
Camera: -0.09756842 1.330166 -0.3009573 0.06118395 0.1304989 0.0173948 -0.9894059 94.54659
Camera: -0.09781471 1.329881 -0.3009219 0.05925633 0.1354907 0.01727731 -0.9888542 94.59821
Camera: -0.09805319 1.329315 -0.3009586 0.05742678 0.1383233 0.01739184 -0.9885679 94.6417
Camera: -0.0983257 1.329086 -0.3010699 0.05619297 0.1395439 0.01727412 -0.9884693 94.69881
Camera: -0.09882864 1.328498 -0.3009713 0.05370025 0.1409634 0.01724244 -0.988407 94.74024
Camera: -0.09912768 1.328175 -0.3009114 0.05236451 0.1415159 0.01700302 -0.9884039 94.78088
Camera: -0.09945801 1.327875 -0.3008729 0.0513267 0.1422935 0.01682998 -0.9883496 94.83876
Camera: -0.1001908 1.327304 -0.300472 0.04910141 0.1438172 0.015162 -0.9882691 94.88275
Camera: -0.100573 1.326982 -0.3002115 0.04665501 0.1444121 0.0153158 -0.9882985 94.92558
Camera: -0.1009927 1.326638 -0.3000368 0.04469305 0.144835 0.01471467 -0.9883364 94.97955
Camera: -0.1016022 1.325914 -0.2996846 0.04145287 0.1459913 0.01317927 -0.9883292 95.02261
Camera: -0.1016816 1.325498 -0.2995643 0.03958093 0.1468061 0.01275451 -0.9882908 95.0673
Camera: -0.1018708 1.325194 -0.2992389 0.03689719 0.1473387 0.01216576 -0.9883228 95.11729
Camera: -0.1015411 1.325004 -0.2991092 0.03606965 0.1474869 0.01222417 -0.9883305 95.16092
Camera: -0.1011577 1.324847 -0.2988539 0.03498716 0.1472881 0.0128136 -0.9883916 95.20526
Camera: -0.1007208 1.324336 -0.2983732 0.03372159 0.1466321 0.01371357 -0.988521 95.26065
Camera: -0.1005658 1.324149 -0.2981563 0.03255661 0.1462439 0.01406058 -0.9886127 95.30571
Camera: -0.1002518 1.323831 -0.2976366 0.03029184 0.1457465 0.01446282 -0.9887524 95.35637
Camera: -0.1001517 1.323767 -0.2975027 0.02936834 0.1453805 0.01451359 -0.9888334 95.41069
Camera: -0.09991506 1.32354 -0.2971792 0.02869947 0.1446534 0.01443931 -0.9889607 95.44901
Camera: -0.0997363 1.323581 -0.2969803 0.02891277 0.1443868 0.01488975 -0.9889868 95.49286
Camera: -0.09962073 1.323351 -0.2968389 0.02772779 0.1440193 0.01539429 -0.9890665 95.53989
Camera: -0.09936085 1.323412 -0.2966895 0.02766922 0.1425688 0.01632359 -0.9892634 95.59343
Camera: -0.09945801 1.323417 -0.2964227 0.02708569 0.1421185 0.01626118 -0.9893454 95.65789
Camera: -0.09944186 1.323347 -0.2963455 0.02646003 0.1421061 0.01568919 -0.9893734 95.69809
Camera: -0.09938183 1.323139 -0.2963351 0.02580409 0.1421688 0.01598036 -0.989377 95.7399
Camera: -0.09953198 1.322897 -0.2966653 0.02527692 0.142183 0.0160084 -0.9893881 95.78855
Camera: -0.09949699 1.323137 -0.2965885 0.02601747 0.1418415 0.01596245 -0.9894187 95.83987
Camera: -0.09939554 1.323365 -0.296702 0.02691608 0.1416664 0.01598994 -0.9894193 95.88294
Camera: -0.09935537 1.323626 -0.2967915 0.02766559 0.1414448 0.01649758 -0.989422 95.92684
Camera: -0.09923986 1.323763 -0.2970101 0.02769549 0.1412629 0.01596672 -0.9894558 95.97886
Camera: -0.09902796 1.323906 -0.2973853 0.02882989 0.1405295 0.01662755 -0.989517 96.0239
Camera: -0.09884033 1.324069 -0.2972302 0.02983777 0.1404791 0.01657921 -0.9894951 96.08199
Camera: -0.0987179 1.324423 -0.2972495 0.03050638 0.1397958 0.01711149 -0.9895624 96.12766
Camera: -0.09862563 1.324618 -0.2973046 0.03087454 0.1389885 0.01739632 -0.9896597 96.16911
Camera: -0.09806082 1.324728 -0.2970844 0.03250206 0.1362089 0.0184384 -0.9899752 96.20575
Camera: -0.09756187 1.325206 -0.2970673 0.03536405 0.1333234 0.01896357 -0.9902599 96.26189
Camera: -0.09672704 1.326111 -0.297206 0.03986419 0.1289522 0.01926373 -0.990662 96.30294
Camera: -0.09446648 1.328453 -0.2980759 0.05123356 0.117511 0.01989187 -0.9915496 96.34259
Camera: -0.09331933 1.329262 -0.2988129 0.05624047 0.1113112 0.01918983 -0.9920074 96.40322
Camera: -0.09101442 1.331167 -0.3003737 0.06722074 0.09793622 0.01765593 -0.9927629 96.45048
Camera: -0.08980724 1.332228 -0.3013188 0.07367794 0.09148399 0.01674692 -0.992936 96.49377
Camera: -0.08843932 1.333503 -0.3022814 0.08077045 0.08416363 0.01613781 -0.9930419 96.54778
Camera: -0.08546874 1.335663 -0.3045965 0.09347259 0.06673133 0.01439045 -0.9932788 96.59103
Camera: -0.08358431 1.336625 -0.3054196 0.1005829 0.05648695 0.01316962 -0.9932366 96.64195
Camera: -0.07921278 1.338636 -0.3078199 0.1116452 0.03251506 0.01023947 -0.9931633 96.68658
Camera: -0.07701162 1.339374 -0.3088809 0.1162684 0.01990424 0.009078097 -0.9929769 96.74242
Camera: -0.07253736 1.340516 -0.311183 0.123423 -0.005001888 0.00655577 -0.9923199 96.78314
Camera: -0.07048848 1.341237 -0.3123093 0.1261817 -0.01645269 0.005955787 -0.9918529 96.8287
Camera: -0.06867611 1.341371 -0.3132043 0.1290669 -0.02640063 0.005181729 -0.9912709 96.8713
Camera: -0.06589606 1.342545 -0.3155205 0.1336921 -0.04080073 0.005514355 -0.9901673 96.92403
Camera: -0.0647687 1.342633 -0.3163183 0.1351055 -0.04600701 0.00546693 -0.9897475 96.96535
Camera: -0.06310609 1.343108 -0.318027 0.1384777 -0.05461729 0.005011216 -0.9888457 97.00763
Camera: -0.06243828 1.343295 -0.3187458 0.1402178 -0.05707868 0.004790246 -0.9884625 97.04809
Camera: -0.06197435 1.343528 -0.3195776 0.1419069 -0.05931853 0.005214035 -0.9880874 97.103
Camera: -0.06108308 1.343854 -0.3205351 0.1444206 -0.06164473 0.005094079 -0.9875813 97.14349
Camera: -0.06120536 1.344249 -0.320896 0.1460585 -0.06169254 0.005367458 -0.9873359 97.18598
Camera: -0.0611504 1.34438 -0.3210915 0.1472286 -0.06147755 0.005403718 -0.9871753 97.24364
Camera: -0.06115493 1.344143 -0.3215829 0.1473327 -0.06039443 0.006972561 -0.9872168 97.29202
Camera: -0.06129906 1.344215 -0.3214021 0.1476131 -0.06016502 0.006611966 -0.9871914 97.33395
Camera: -0.06125936 1.344444 -0.3211479 0.148144 -0.06015041 0.006376962 -0.9871143 97.38523
Camera: -0.06135133 1.344475 -0.3210263 0.148738 -0.06064678 0.006017451 -0.9869969 97.42603
Camera: -0.06141552 1.344635 -0.320797 0.1492628 -0.06125943 0.005595175 -0.9868823 97.46707
Camera: -0.06160644 1.344622 -0.3203022 0.1492014 -0.06217398 0.005079188 -0.9868371 97.5245
Camera: -0.06172317 1.344561 -0.3199014 0.1483485 -0.06229848 0.004634693 -0.9869601 97.56771
Camera: -0.06198183 1.343926 -0.3191845 0.145164 -0.06208005 0.005547796 -0.9874425 97.60719
Camera: -0.06235412 1.343985 -0.3187529 0.1442349 -0.06132207 0.004262971 -0.9876324 97.66353
Camera: -0.06308296 1.343775 -0.3179403 0.1438693 -0.05891078 0.002898752 -0.9878374 97.70494
Camera: -0.06334203 1.34375 -0.3176861 0.14331 -0.05786896 0.002014413 -0.9879825 97.76226
Camera: -0.06371474 1.343635 -0.3172856 0.1429463 -0.05671653 0.001366747 -0.9881032 97.80013
Camera: -0.06444332 1.343669 -0.3167887 0.1418868 -0.05390793 0.0006627464 -0.9884138 97.84009
Camera: -0.06476274 1.343703 -0.3165377 0.1411591 -0.05224965 -8.236224E-05 -0.9886072 97.89458
Camera: -0.06515083 1.34344 -0.3163922 0.1402001 -0.05030792 -0.001022156 -0.9888438 97.93577
Camera: -0.0666146 1.343023 -0.3157288 0.138817 -0.04384493 -0.003035152 -0.9893423 97.97923
Camera: -0.06806788 1.343129 -0.3154382 0.1396348 -0.03677288 -0.004059273 -0.9895117 98.02308
Camera: -0.06940404 1.343692 -0.3154346 0.1410225 -0.02866606 -0.003591481 -0.9895848 98.07713
Camera: -0.07279897 1.343783 -0.3149609 0.1405587 -0.01190519 -0.0046325 -0.9899899 98.1188
Camera: -0.07426682 1.343677 -0.3147779 0.1398276 -0.004943197 -0.006121229 -0.9901446 98.16346
Camera: -0.07732204 1.343197 -0.3141951 0.1376673 0.009265964 -0.009314588 -0.9903914 98.21408
Camera: -0.07892212 1.34313 -0.3140717 0.1360403 0.01496722 -0.01009619 -0.9905388 98.25507
Camera: -0.08033291 1.342718 -0.3137566 0.1338609 0.0205066 -0.0107362 -0.9907298 98.2995
Camera: -0.08341944 1.342045 -0.31326 0.130132 0.03272883 -0.01028307 -0.990903 98.35203
Camera: -0.08507851 1.341612 -0.312815 0.1292744 0.04061562 -0.009463329 -0.9907315 98.39352
Camera: -0.0867497 1.341718 -0.3125767 0.129137 0.04722829 -0.0101664 -0.9904493 98.45421
Camera: -0.0892165 1.341816 -0.3119369 0.128091 0.05624662 -0.01164719 -0.9900976 98.49786
Camera: -0.09111747 1.341529 -0.3112975 0.1251137 0.06208685 -0.01388849 -0.9901004 98.53909
Camera: -0.09177843 1.341225 -0.310779 0.1235023 0.06481525 -0.01455335 -0.9901184 98.58031
Camera: -0.09225067 1.340843 -0.3105178 0.1218938 0.06658293 -0.01509774 -0.9901922 98.63512
Camera: -0.09284988 1.340264 -0.3096421 0.1191693 0.06836934 -0.01586624 -0.9903901 98.6903
Camera: -0.09292635 1.339716 -0.3089721 0.1170848 0.06882892 -0.01539871 -0.9906143 98.73215
Camera: -0.09296665 1.33959 -0.3082685 0.1153165 0.0687241 -0.01520181 -0.990832 98.78654
Camera: -0.09297231 1.339445 -0.3078996 0.1145484 0.06858633 -0.01549659 -0.9909261 98.83431
Camera: -0.09281531 1.339382 -0.3073747 0.1136311 0.06885982 -0.01591771 -0.991006 98.87523
Camera: -0.09294191 1.339287 -0.3072823 0.1135314 0.06919953 -0.01552853 -0.991 98.91396
Camera: -0.09333131 1.339198 -0.30704 0.1124534 0.07041595 -0.01660159 -0.9910198 98.96849
Camera: -0.09385517 1.338879 -0.3068214 0.1112739 0.0725741 -0.01673518 -0.990995 99.01176
Camera: -0.09394512 1.338469 -0.306763 0.1103299 0.07336321 -0.01683577 -0.9910408 99.0526
Camera: -0.09426513 1.338428 -0.3067043 0.1096058 0.07398043 -0.01743104 -0.9910649 99.10849
Camera: -0.09458533 1.338284 -0.3066964 0.1081867 0.07493256 -0.01828201 -0.991134 99.1543
Camera: -0.0947921 1.338025 -0.3064407 0.107501 0.07573564 -0.01864953 -0.9911407 99.20921
Camera: -0.09548727 1.337631 -0.3061249 0.1043329 0.07815021 -0.01960015 -0.9912735 99.25309
Camera: -0.09614995 1.337257 -0.3057398 0.1020819 0.08184039 -0.02019535 -0.9911981 99.29723
Camera: -0.09796998 1.336091 -0.3053082 0.09601986 0.0928902 -0.01927978 -0.9908481 99.34718
Camera: -0.0989835 1.335256 -0.3050694 0.09226392 0.1004579 -0.01845784 -0.9904822 99.39211
Camera: -0.1003356 1.334579 -0.3049974 0.08868398 0.1086114 -0.0179802 -0.9899573 99.43311
Camera: -0.1032476 1.33312 -0.3048794 0.08064781 0.1268644 -0.01494184 -0.9885232 99.4857
Camera: -0.104792 1.332658 -0.3050044 0.0786209 0.1368524 -0.01360383 -0.9873728 99.53032
Camera: -0.1077192 1.332135 -0.3050912 0.07639176 0.1566029 -0.01118744 -0.9846394 99.58685
Camera: -0.1090553 1.331988 -0.3051159 0.07537223 0.1650418 -0.009692789 -0.9833546 99.63359
Camera: -0.1109628 1.331311 -0.3053538 0.07370475 0.1783284 -0.007548404 -0.9811777 99.69199
Camera: -0.1119582 1.331179 -0.3056636 0.07253043 0.1836929 -0.007399575 -0.9802763 99.72913
Camera: -0.1129089 1.33099 -0.3056734 0.07177675 0.1882489 -0.007071698 -0.9794695 99.77143
Camera: -0.1143317 1.331007 -0.3058308 0.0721095 0.1946541 -0.007782463 -0.9781868 99.81641
Camera: -0.1147585 1.331005 -0.3057838 0.07221071 0.1965772 -0.008392578 -0.9777897 99.86962
Camera: -0.1155294 1.331274 -0.3056545 0.07283895 0.1978964 -0.008327669 -0.9774775 99.91034
Camera: -0.1158738 1.331264 -0.3055642 0.07261887 0.1979688 -0.008771286 -0.9774753 99.9595
Camera: -0.1158843 1.330982 -0.3055765 0.07271671 0.1971377 -0.008582666 -0.9776376 100.0127
Camera: -0.1157309 1.330992 -0.3054748 0.07231309 0.1945658 -0.008726893 -0.9781814 100.0506
Camera: -0.1156049 1.330996 -0.3053642 0.07193754 0.1930603 -0.009052812 -0.9785044 100.0934
Camera: -0.1154576 1.331116 -0.3051897 0.07165925 0.192271 -0.009098109 -0.9786798 100.1368
Camera: -0.1151331 1.331333 -0.3050511 0.07324448 0.1906603 -0.00841666 -0.9788836 100.1869
Camera: -0.1147284 1.331545 -0.30497 0.07420029 0.1893415 -0.008060991 -0.9790705 100.2271
Camera: -0.1142876 1.331888 -0.3048596 0.0756084 0.1877505 -0.007863245 -0.9792708 100.2862
Camera: -0.1128742 1.33196 -0.3047828 0.07716428 0.1837821 -0.006381925 -0.9799128 100.3316
Camera: -0.111683 1.332498 -0.3050365 0.07911105 0.1803806 -0.004885037 -0.9803981 100.3763
Camera: -0.1111858 1.332762 -0.3050494 0.08024436 0.1786601 -0.004430767 -0.9806232 100.432
Camera: -0.1100422 1.333112 -0.3050357 0.08229515 0.1755477 -0.003729008 -0.9810181 100.4742
Camera: -0.1093383 1.333259 -0.3049721 0.08297116 0.1736735 -0.003199423 -0.9812967 100.5281
Camera: -0.107957 1.333557 -0.3051463 0.08459209 0.1700924 -0.001348317 -0.9817897 100.5723
Camera: -0.107312 1.333867 -0.3052316 0.08550361 0.1687184 -0.0005483169 -0.9819486 100.6178
Camera: -0.1068389 1.333919 -0.3053804 0.08642205 0.1678413 0.0003715551 -0.9820185 100.6684
Camera: -0.1061268 1.334219 -0.3056895 0.08779914 0.1678981 0.001575773 -0.9818855 100.721
Camera: -0.1059618 1.334128 -0.305857 0.08779983 0.1677577 0.001454615 -0.9819096 100.7673
Camera: -0.1055855 1.333886 -0.3056333 0.08779983 0.1678724 0.001895355 -0.9818892 100.8294
Camera: -0.1056114 1.333813 -0.3054506 0.08685878 0.1674701 0.001828684 -0.9820418 100.8737
Camera: -0.1055685 1.333838 -0.3052244 0.08695313 0.1676121 0.002491295 -0.9820077 100.9129
Camera: -0.1055757 1.333911 -0.3052106 0.08712899 0.167463 0.001965194 -0.9820188 100.9684
Camera: -0.1058445 1.333891 -0.3051727 0.08681139 0.167984 0.002299279 -0.9819572 101.0124
Camera: -0.1060649 1.333846 -0.3051266 0.08648079 0.1683007 0.002059027 -0.9819326 101.0517
Camera: -0.1061586 1.333927 -0.3051082 0.08638374 0.1683481 0.001913607 -0.9819334 101.1074
Camera: -0.1064854 1.333639 -0.3051842 0.0856929 0.1682982 0.00111497 -0.9820037 101.1508
Camera: -0.1066795 1.333603 -0.3051445 0.08586097 0.1686141 0.001063 -0.9819349 101.2047
Camera: -0.1071049 1.333631 -0.3050455 0.0858928 0.1693945 0.0004184338 -0.9817983 101.2487
Camera: -0.107143 1.333633 -0.305162 0.0854729 0.1696697 0.000607168 -0.9817873 101.2925
Camera: -0.1071074 1.333662 -0.3050187 0.08531066 0.1700095 0.0001962636 -0.9817428 101.3424
Camera: -0.1072458 1.33349 -0.3052343 0.08486002 0.1705548 0.0003354792 -0.9816872 101.3881
Camera: -0.1071413 1.333349 -0.3050397 0.08490676 0.170668 0.0001375059 -0.9816636 101.4344
Camera: -0.1069311 1.333226 -0.3049386 0.08411525 0.1707757 8.809358E-05 -0.981713 101.4933
Camera: -0.1068572 1.333121 -0.3047556 0.08373018 0.1709271 0.0005386159 -0.9817194 101.5338
Camera: -0.1067084 1.332991 -0.3048103 0.08335859 0.1714157 0.0006786777 -0.9816657 101.5882
Camera: -0.1067034 1.332924 -0.3046501 0.08287618 0.1712471 0.001315481 -0.9817353 101.6286
Camera: -0.1065515 1.332723 -0.304597 0.08242694 0.1707952 0.001507346 -0.9818516 101.6802
Camera: -0.1067152 1.332834 -0.3043576 0.08218463 0.1726872 0.002035818 -0.98154 101.7365
Camera: -0.1070494 1.332741 -0.3042073 0.08165071 0.1744757 0.002056621 -0.9812682 101.7778
Camera: -0.1075284 1.3324 -0.3041809 0.0800351 0.1767094 0.001816674 -0.981002 101.8235
Camera: -0.1081062 1.331982 -0.3041411 0.07802556 0.1799823 0.001210249 -0.9805697 101.8721
Camera: -0.1093201 1.33136 -0.3038363 0.07505936 0.1852763 0.001951923 -0.9798138 101.9178
Camera: -0.1098671 1.331196 -0.3037738 0.07373834 0.1869596 0.002048651 -0.9795941 101.9795
Camera: -0.1101888 1.331122 -0.3034453 0.07271453 0.1861476 0.002083228 -0.9798252 102.0233
Camera: -0.1100607 1.331051 -0.3031358 0.07232766 0.1843489 0.002033457 -0.9801939 102.0613
Camera: -0.1100367 1.330993 -0.3029344 0.07170206 0.1818123 0.001782921 -0.980714 102.1152
Camera: -0.1097833 1.330856 -0.3026083 0.07152997 0.1792486 0.001888043 -0.9811982 102.1568
Camera: -0.1097973 1.330757 -0.3023872 0.07168283 0.1788802 0.00262292 -0.9812526 102.1996
Camera: -0.109501 1.330823 -0.3023277 0.07181761 0.1775614 0.003688397 -0.9814788 102.2568
Camera: -0.1092331 1.331098 -0.3023911 0.0728198 0.1765633 0.004229656 -0.9815828 102.3007
Camera: -0.1078168 1.331152 -0.3026875 0.07521951 0.1715202 0.005405861 -0.98229 102.3427
Camera: -0.1069726 1.331549 -0.3027787 0.07684148 0.1678182 0.005505146 -0.9828032 102.3809
Camera: -0.1058657 1.331989 -0.3030042 0.07833305 0.1629846 0.005868672 -0.9834966 102.4393
Camera: -0.1024072 1.332657 -0.3031993 0.08252437 0.1483043 0.006790364 -0.9854692 102.4851
Camera: -0.1004764 1.332829 -0.3032377 0.08391373 0.1402825 0.007144585 -0.9865233 102.5346
Camera: -0.09612903 1.333383 -0.3035028 0.08672293 0.1210595 0.007897393 -0.9888182 102.5913
Camera: -0.09351495 1.333664 -0.3033004 0.0882943 0.1088763 0.008675928 -0.9900883 102.6366
Camera: -0.08780167 1.334557 -0.3036888 0.09189043 0.07932452 0.009173276 -0.9925622 102.6927
Camera: -0.08261448 1.335319 -0.3043618 0.09699502 0.05428455 0.006793455 -0.9937801 102.7468
Camera: -0.08039379 1.335618 -0.3050048 0.09920225 0.04453089 0.007378904 -0.994043 102.7887
Camera: -0.07859287 1.335983 -0.3052355 0.1006007 0.03596345 0.007883996 -0.9942455 102.8436
Camera: -0.07552594 1.336199 -0.3062504 0.103291 0.02254046 0.009358378 -0.9943517 102.8827
Camera: -0.07415166 1.336305 -0.3068717 0.1049173 0.0163095 0.008855662 -0.9943078 102.9245
Camera: -0.0729388 1.336632 -0.3073907 0.1064339 0.0110154 0.008575414 -0.9942218 102.9689
Camera: -0.07051137 1.33721 -0.308166 0.1105139 0.0001659861 0.008516243 -0.9938381 103.016
Camera: -0.0696809 1.337725 -0.3088807 0.1123937 -0.004786096 0.007719017 -0.9936223 103.0589
Camera: -0.06876785 1.3382 -0.3096312 0.1147917 -0.009830643 0.007808943 -0.9933103 103.1161
Camera: -0.06653193 1.338805 -0.3105752 0.1192663 -0.02206642 0.00562669 -0.9926012 103.1614
Noticed 103.4097
Google 123.1908
Camera: -0.09166065 1.33761 -0.3007866 0.1245977 -0.0172006 0.03797485 -0.9913312 123.1908
Camera: -0.09119377 1.337528 -0.3008191 0.1250119 -0.01691117 0.03851237 -0.9912633 123.2347
Camera: -0.09118453 1.33756 -0.3009841 0.1255673 -0.01456346 0.03873364 -0.9912217 123.2725
Camera: -0.09166667 1.337616 -0.3011936 0.1262449 -0.01061496 0.03896699 -0.9911767 123.3138
Camera: -0.09283504 1.337964 -0.3015136 0.1282511 -0.001500236 0.03996719 -0.990935 123.363
Camera: -0.09318927 1.337982 -0.3016173 0.1288658 0.001905803 0.03988523 -0.9908578 123.42
Camera: -0.09385517 1.338315 -0.301788 0.1298907 0.0064779 0.03942933 -0.9907229 123.4696
Camera: -0.09422114 1.337818 -0.3017486 0.1297647 0.008762785 0.03946875 -0.9907203 123.5175
Camera: -0.09514347 1.338245 -0.3020349 0.1306157 0.01201008 0.04029758 -0.990541 123.5788
Camera: -0.095714 1.338384 -0.3022327 0.1308294 0.01367446 0.03981424 -0.9905108 123.6194
Camera: -0.09702191 1.338518 -0.302019 0.1310534 0.01821009 0.03979066 -0.9904091 123.6754
Camera: -0.09786633 1.338392 -0.3017561 0.1303091 0.02076672 0.03959822 -0.9904647 123.719
Camera: -0.09958807 1.338144 -0.3012396 0.1291251 0.02604881 0.03845213 -0.9905401 123.7749
Camera: -0.1002097 1.337934 -0.3008557 0.1288338 0.02783187 0.03763966 -0.9905607 123.8164
Camera: -0.1010007 1.337832 -0.3004019 0.1281393 0.02959086 0.03697844 -0.9906247 123.8696
Camera: -0.1020361 1.337856 -0.2997775 0.1274421 0.03198477 0.0361837 -0.9906696 123.9106
Camera: -0.1024933 1.337817 -0.2996008 0.1268285 0.03276951 0.03576951 -0.9907377 123.9648
Camera: -0.1032019 1.337788 -0.2990766 0.1255913 0.0350727 0.03491317 -0.9908471 124.0012
Camera: -0.1034525 1.337686 -0.2987249 0.1250655 0.036285 0.03493848 -0.990869 124.0418
Camera: -0.1039117 1.337532 -0.298476 0.1244803 0.0367228 0.0347715 -0.9909324 124.0925
Camera: -0.1041621 1.337322 -0.2982495 0.1230913 0.03771878 0.03458866 -0.9910749 124.1338
Camera: -0.1041552 1.337177 -0.2980923 0.1226755 0.03751802 0.03452268 -0.9911364 124.175
Camera: -0.1041208 1.33706 -0.2978219 0.1219599 0.03750085 0.03443285 -0.9912285 124.2246
Camera: -0.1040095 1.337019 -0.2975231 0.1205899 0.03618798 0.03497106 -0.9914261 124.2683
Camera: -0.1038441 1.336942 -0.297383 0.1199009 0.03534735 0.03450936 -0.9915561 124.3081
Camera: -0.1036682 1.336667 -0.2972807 0.1192178 0.03482045 0.03428066 -0.991665 124.3627
Camera: -0.1032741 1.336338 -0.2970354 0.1174157 0.03354402 0.03479511 -0.9919061 124.4097
Camera: -0.1030209 1.336268 -0.296835 0.1163682 0.03213414 0.03424909 -0.9920952 124.4483
Camera: -0.1026783 1.336181 -0.2967672 0.1159011 0.03034805 0.03416847 -0.9922089 124.4982
Camera: -0.102041 1.335688 -0.2965291 0.1136617 0.02743941 0.0341087 -0.9925547 124.5511
Camera: -0.1016909 1.335588 -0.2964729 0.1126471 0.0252698 0.03420257 -0.9927247 124.5944
Camera: -0.1011513 1.335226 -0.2959895 0.1105648 0.02164229 0.03336516 -0.9930729 124.6557
Camera: -0.1006098 1.334942 -0.2959206 0.1096514 0.01929761 0.03386942 -0.9932055 124.6998
Camera: -0.1003452 1.334914 -0.2957851 0.1093733 0.01839178 0.03420289 -0.9932419 124.7453
Camera: -0.1000781 1.334917 -0.2957742 0.1088096 0.01706706 0.0342824 -0.9933247 124.7988
Camera: -0.09938827 1.334876 -0.2959206 0.1084966 0.01429453 0.03445234 -0.9933968 124.8414
Camera: -0.09895155 1.334612 -0.2957411 0.1079979 0.01336752 0.03463887 -0.9934576 124.8961
Camera: -0.09857574 1.334419 -0.2959774 0.1068084 0.01283822 0.03489204 -0.9935843 124.9373
Camera: -0.09855571 1.334157 -0.2958929 0.1060279 0.01400639 0.03445401 -0.9936674 124.9948
Camera: -0.09913024 1.33306 -0.2958389 0.09984088 0.01760743 0.03300594 -0.9942999 125.0351
Camera: -0.09968457 1.332204 -0.2957788 0.09457988 0.01925043 0.03200017 -0.9948166 125.1026
Camera: -0.1008336 1.330468 -0.2947868 0.08647003 0.02415057 0.03058541 -0.995492 125.143
Camera: -0.101417 1.330415 -0.2942562 0.08521371 0.0265694 0.03120225 -0.9955196 125.1802
Camera: -0.1022243 1.330362 -0.2937463 0.08359527 0.02954151 0.03141584 -0.9955662 125.2217
Camera: -0.1035439 1.329406 -0.2928801 0.07808065 0.03527259 0.03081278 -0.9958463 125.2669
Camera: -0.1044081 1.329094 -0.2925904 0.07555778 0.03817797 0.03129797 -0.9959186 125.3156
Camera: -0.1050984 1.329004 -0.2917823 0.07553491 0.0407392 0.0300355 -0.9958578 125.3551
Camera: -0.106207 1.328738 -0.2910531 0.07309364 0.04508297 0.02976244 -0.995861 125.3988
Camera: -0.1067707 1.328423 -0.2904746 0.07183401 0.04660206 0.03108458 -0.9958423 125.4483
Camera: -0.1071835 1.328436 -0.2903317 0.07115316 0.04725427 0.03085407 -0.9958677 125.4938
Camera: -0.107516 1.327553 -0.2899294 0.06740449 0.04729354 0.02949359 -0.9961677 125.5422
Camera: -0.107449 1.327062 -0.2898891 0.06538062 0.04702298 0.02932153 -0.9963205 125.594
Camera: -0.1066948 1.325887 -0.290153 0.0589412 0.04537347 0.02951181 -0.996793 125.6386
Camera: -0.1058829 1.325824 -0.2904164 0.05762061 0.04419976 0.02947425 -0.996924 125.6817
Camera: -0.105081 1.326002 -0.2906798 0.05763908 0.04325424 0.0280894 -0.9970044 125.7329
Camera: -0.1034233 1.325514 -0.2910655 0.05522286 0.04121543 0.02914377 -0.9971973 125.782
Noticed 126.0435
