GraphVisualization 8.035919
Camera: 0 1.309 -0.55 0 0 0 1 8.035919
Camera: 0 1.309 -0.55 0 0 0 1 8.047233
Camera: 0 1.309 -0.55 0 0 0 1 8.057997
Camera: 0 1.309 -0.55 0 0 0 1 8.069177
Camera: 0 1.309 -0.55 0 0 0 1 8.080232
Camera: 0 1.309 -0.55 0 0 0 1 8.09129
Camera: 0 1.309 -0.55 0 0 0 1 8.102505
Camera: 0 1.309 -0.55 0 0 0 1 8.113692
Camera: 0 1.309 -0.55 0 0 0 1 8.124925
Camera: 0 1.309 -0.55 0 0 0 1 8.135672
Camera: 0 1.309 -0.55 0 0 0 1 8.146943
Camera: 0 1.309 -0.55 0 0 0 1 8.15829
Camera: 0 1.309 -0.55 0 0 0 1 8.169191
Camera: 0 1.309 -0.55 0 0 0 1 8.180434
Camera: 0 1.309 -0.55 0 0 0 1 8.20091
Camera: 0 1.309 -0.55 0 0 0 1 8.212646
Camera: 0 1.309 -0.55 0 0 0 1 8.222663
Camera: 0 1.309 -0.55 0 0 0 1 8.232474
Camera: 0 1.309 -0.55 0 0 0 1 8.241717
Camera: 0 1.309 -0.55 0 0 0 1 8.253133
Camera: 0 1.309 -0.55 0 0 0 1 8.2641
Camera: 0 1.309 -0.55 0 0 0 1 8.275035
Camera: 0 1.309 -0.55 0 0 0 1 8.286651
Camera: 0 1.309 -0.55 0 0 0 1 8.297298
Camera: 0 1.309 -0.55 0 0 0 1 8.308459
Camera: 0 1.309 -0.55 0 0 0 1 8.327209
Camera: 0 1.309 -0.55 0 0 0 1 8.338079
Camera: 0 1.309 -0.55 0 0 0 1 8.349837
Camera: 0 1.309 -0.55 0 0 0 1 8.360866
Camera: 0 1.309 -0.55 0 0 0 1 8.370156
Camera: 0 1.309 -0.55 0 0 0 1 8.380205
Camera: 0 1.309 -0.55 0 0 0 1 8.390142
Camera: 0 1.309 -0.55 0 0 0 1 8.400087
Camera: 0 1.309 -0.55 0 0 0 1 8.41019
Camera: 0 1.309 -0.55 0 0 0 1 8.419385
Camera: 0 1.309 -0.55 0 0 0 1 8.430573
Camera: 0 1.309 -0.55 0 0 0 1 8.441735
Camera: 0 1.309 -0.55 0 0 0 1 8.452802
Camera: 0 1.309 -0.55 0 0 0 1 8.463895
Camera: 0 1.309 -0.55 0 0 0 1 8.474948
Camera: 0 1.309 -0.55 0 0 0 1 8.486227
Camera: 0 1.309 -0.55 0 0 0 1 8.497341
Camera: 0 1.309 -0.55 0 0 0 1 8.510383
Camera: 0 1.309 -0.55 0 0 0 1 8.521633
Camera: 0 1.309 -0.55 0 0 0 1 8.530709
Camera: 0 1.309 -0.55 0 0 0 1 8.54165
Camera: 0 1.309 -0.55 0 0 0 1 8.552902
Camera: 0 1.309 -0.55 0 0 0 1 8.563942
Camera: 0 1.309 -0.55 0 0 0 1 8.575028
Camera: 0 1.309 -0.55 0 0 0 1 8.586122
Camera: 0 1.309 -0.55 0 0 0 1 8.597404
Camera: 0 1.309 -0.55 0 0 0 1 8.608659
Camera: 0 1.309 -0.55 0 0 0 1 8.619411
Camera: 0 1.309 -0.55 0 0 0 1 8.630543
Camera: 0 1.309 -0.55 0 0 0 1 8.641522
Camera: 0 1.309 -0.55 0 0 0 1 8.652894
Camera: 0 1.309 -0.55 0 0 0 1 8.665599
Camera: 0 1.309 -0.55 0 0 0 1 8.677543
Camera: 0 1.309 -0.55 0 0 0 1 8.686889
Camera: 0 1.309 -0.55 0 0 0 1 8.697101
Camera: 0 1.309 -0.55 0 0 0 1 8.708472
Camera: 0 1.309 -0.55 0 0 0 1 8.719495
Camera: 0 1.309 -0.55 0 0 0 1 8.730534
Camera: 0 1.309 -0.55 0 0 0 1 8.741602
Camera: 0 1.309 -0.55 0 0 0 1 8.752686
Camera: 0 1.309 -0.55 0 0 0 1 8.763666
Camera: 0 1.309 -0.55 0 0 0 1 8.774991
Camera: 0 1.309 -0.55 0 0 0 1 8.786023
Camera: 0 1.309 -0.55 0 0 0 1 8.797572
Camera: 0 1.309 -0.55 0 0 0 1 8.80913
Camera: 0 1.309 -0.55 0 0 0 1 8.82131
Camera: 0 1.309 -0.55 0 0 0 1 8.832512
Camera: 0 1.309 -0.55 0 0 0 1 8.842962
Camera: 0 1.309 -0.55 0 0 0 1 8.854425
Camera: 0 1.309 -0.55 0 0 0 1 8.865822
Camera: 0 1.309 -0.55 0 0 0 1 8.877236
Camera: 0 1.309 -0.55 0 0 0 1 8.888877
Camera: 0 1.309 -0.55 0 0 0 1 8.900169
Camera: 0 1.309 -0.55 0 0 0 1 8.911291
Camera: 0 1.309 -0.55 0 0 0 1 8.922489
Camera: 0 1.309 -0.55 0 0 0 1 8.933474
Camera: 0 1.309 -0.55 0 0 0 1 8.944666
Camera: 0 1.309 -0.55 0 0 0 1 8.955704
Camera: 0 1.309 -0.55 0 0 0 1 8.967026
Camera: 0 1.309 -0.55 0 0 0 1 8.978804
Camera: 0 1.309 -0.55 0 0 0 1 8.98976
Camera: 0 1.309 -0.55 0 0 0 1 9.000154
Camera: 0 1.309 -0.55 0 0 0 1 9.011374
Camera: 0 1.309 -0.55 0 0 0 1 9.022426
Camera: 0 1.309 -0.55 0 0 0 1 9.033424
Camera: 0 1.309 -0.55 0 0 0 1 9.044767
Camera: 0 1.309 -0.55 0 0 0 1 9.056142
Camera: 0 1.309 -0.55 0 0 0 1 9.067117
Camera: 0 1.309 -0.55 0 0 0 1 9.078587
Camera: 0 1.309 -0.55 0 0 0 1 9.08968
Camera: 0 1.309 -0.55 0 0 0 1 9.101061
Camera: 0 1.309 -0.55 0 0 0 1 9.112602
Camera: 0 1.309 -0.55 0 0 0 1 9.123715
Camera: 0 1.309 -0.55 0 0 0 1 9.136239
Camera: 0 1.309 -0.55 0 0 0 1 9.148527
Camera: 0 1.309 -0.55 0 0 0 1 9.158561
Camera: 0 1.309 -0.55 0 0 0 1 9.168961
Camera: 0 1.309 -0.55 0 0 0 1 9.178507
Camera: 0 1.309 -0.55 0 0 0 1 9.188885
Camera: 0 1.309 -0.55 0 0 0 1 9.200134
Camera: 0 1.309 -0.55 0 0 0 1 9.211389
Camera: 0 1.309 -0.55 0 0 0 1 9.222202
Camera: 0 1.309 -0.55 0 0 0 1 9.233253
Camera: 0 1.309 -0.55 0 0 0 1 9.244377
Camera: 0 1.309 -0.55 0 0 0 1 9.255629
Camera: 0 1.309 -0.55 0 0 0 1 9.266663
Camera: 0 1.309 -0.55 0 0 0 1 9.278064
Camera: 0 1.309 -0.55 0 0 0 1 9.290786
Camera: 0 1.309 -0.55 0 0 0 1 9.301577
Camera: 0 1.309 -0.55 0 0 0 1 9.311179
Camera: 0 1.309 -0.55 0 0 0 1 9.322201
Camera: 0 1.309 -0.55 0 0 0 1 9.333347
Camera: 0 1.309 -0.55 0 0 0 1 9.344447
Camera: 0 1.309 -0.55 0 0 0 1 9.355449
Camera: 0 1.309 -0.55 0 0 0 1 9.366576
Camera: 0 1.309 -0.55 0 0 0 1 9.377722
Camera: 0 1.309 -0.55 0 0 0 1 9.388834
Camera: 0 1.309 -0.55 0 0 0 1 9.400173
Camera: 0 1.309 -0.55 0 0 0 1 9.411166
Camera: 0 1.309 -0.55 0 0 0 1 9.422139
Camera: 0 1.309 -0.55 0 0 0 1 9.433371
Camera: 0 1.309 -0.55 0 0 0 1 9.446285
Camera: 0 1.309 -0.55 0 0 0 1 9.457234
Camera: 0 1.309 -0.55 0 0 0 1 9.466934
Camera: 0 1.309 -0.55 0 0 0 1 9.477635
Camera: 0 1.309 -0.55 0 0 0 1 9.488652
Camera: 0 1.309 -0.55 0 0 0 1 9.499887
Camera: 0 1.309 -0.55 0 0 0 1 9.511201
Camera: 0 1.309 -0.55 0 0 0 1 9.522441
Camera: 0 1.309 -0.55 0 0 0 1 9.533656
Camera: 0 1.309 -0.55 0 0 0 1 9.544913
Camera: 0 1.309 -0.55 0 0 0 1 9.556244
Camera: 0 1.309 -0.55 0 0 0 1 9.567338
Camera: 0 1.309 -0.55 0 0 0 1 9.57844
Camera: 0 1.309 -0.55 0 0 0 1 9.590014
Camera: 0 1.309 -0.55 0 0 0 1 9.60348
Camera: 0 1.309 -0.55 0 0 0 1 9.616225
Camera: 0 1.309 -0.55 0 0 0 1 9.626326
Camera: 0 1.309 -0.55 0 0 0 1 9.638354
Camera: 0 1.309 -0.55 0 0 0 1 9.648565
Camera: 0 1.309 -0.55 0 0 0 1 9.659123
Camera: 0 1.309 -0.55 0 0 0 1 9.66975
Camera: 0 1.309 -0.55 0 0 0 1 9.679675
Camera: 0 1.309 -0.55 0 0 0 1 9.690353
Camera: 0 1.309 -0.55 0 0 0 1 9.704584
Camera: 0 1.309 -0.55 0 0 0 1 9.715523
Camera: 0 1.309 -0.55 0 0 0 1 9.725626
Camera: 0 1.309 -0.55 0 0 0 1 9.737207
Camera: 0 1.309 -0.55 0 0 0 1 9.748071
Camera: 0 1.309 -0.55 0 0 0 1 9.761973
Camera: 0 1.309 -0.55 0 0 0 1 9.774305
Camera: 0 1.309 -0.55 0 0 0 1 9.784193
Camera: 0 1.309 -0.55 0 0 0 1 9.793901
Camera: 0 1.309 -0.55 0 0 0 1 9.804901
Camera: 0 1.309 -0.55 0 0 0 1 9.816702
Camera: 0 1.309 -0.55 0 0 0 1 9.827137
Camera: 0 1.309 -0.55 0 0 0 1 9.836794
Camera: 0 1.309 -0.55 0 0 0 1 9.84676
Camera: 0 1.309 -0.55 0 0 0 1 9.856669
Camera: 0 1.309 -0.55 0 0 0 1 9.866715
Camera: 0 1.309 -0.55 0 0 0 1 9.876658
Camera: 0 1.309 -0.55 0 0 0 1 9.885911
Camera: 0 1.309 -0.55 0 0 0 1 9.896671
Camera: 0 1.309 -0.55 0 0 0 1 9.908367
Camera: 0 1.309 -0.55 0 0 0 1 9.92866
Camera: 0 1.309 -0.55 0 0 0 1 9.94028
Camera: 0 1.309 -0.55 0 0 0 1 9.949537
Camera: 0 1.309 -0.55 0 0 0 1 9.959479
Camera: 0 1.309 -0.55 0 0 0 1 9.96951
Camera: 0 1.309 -0.55 0 0 0 1 9.97935
Camera: 0 1.309 -0.55 0 0 0 1 9.989558
Camera: 0 1.309 -0.55 0 0 0 1 9.999219
Camera: 0 1.309 -0.55 0 0 0 1 10.00836
Camera: 0 1.309 -0.55 0 0 0 1 10.01878
Camera: 0 1.309 -0.55 0 0 0 1 10.02985
Camera: 0 1.309 -0.55 0 0 0 1 10.04109
Camera: 0 1.309 -0.55 0 0 0 1 10.05216
Camera: 0 1.309 -0.55 0 0 0 1 10.06369
Camera: 0 1.309 -0.55 0 0 0 1 10.07516
Camera: 0 1.309 -0.55 0 0 0 1 10.08756
Camera: 0 1.309 -0.55 0 0 0 1 10.09704
Camera: 0 1.309 -0.55 0 0 0 1 10.10789
Camera: 0 1.309 -0.55 0 0 0 1 10.1188
Camera: 0 1.309 -0.55 0 0 0 1 10.12987
Camera: 0 1.309 -0.55 0 0 0 1 10.14105
Camera: 0 1.309 -0.55 0 0 0 1 10.15226
Camera: 0 1.309 -0.55 0 0 0 1 10.16314
Camera: 0 1.309 -0.55 0 0 0 1 10.17436
Camera: 0 1.309 -0.55 0 0 0 1 10.1855
Camera: 0 1.309 -0.55 0 0 0 1 10.19651
Camera: 0 1.309 -0.55 0 0 0 1 10.20788
Camera: 0 1.309 -0.55 0 0 0 1 10.21885
Camera: 0 1.309 -0.55 0 0 0 1 10.23098
Camera: 0 1.309 -0.55 0 0 0 1 10.24263
Camera: 0 1.309 -0.55 0 0 0 1 10.25199
Camera: 0 1.309 -0.55 0 0 0 1 10.26322
Camera: 0 1.309 -0.55 0 0 0 1 10.27435
Camera: 0 1.309 -0.55 0 0 0 1 10.28538
Camera: 0 1.309 -0.55 0 0 0 1 10.2964
Camera: 0 1.309 -0.55 0 0 0 1 10.3078
Camera: 0 1.309 -0.55 0 0 0 1 10.31865
Camera: 0 1.309 -0.55 0 0 0 1 10.32968
Camera: 0 1.309 -0.55 0 0 0 1 10.34087
Camera: 0 1.309 -0.55 0 0 0 1 10.35208
Camera: 0 1.309 -0.55 0 0 0 1 10.36305
Camera: 0 1.309 -0.55 0 0 0 1 10.37466
Camera: 0 1.309 -0.55 0 0 0 1 10.39525
Camera: 0 1.309 -0.55 0 0 0 1 10.40778
Camera: 0 1.309 -0.55 0 0 0 1 10.41752
Camera: 0 1.309 -0.55 0 0 0 1 10.42753
Camera: 0 1.309 -0.55 0 0 0 1 10.43719
Camera: 0 1.309 -0.55 0 0 0 1 10.44624
Camera: 0 1.309 -0.55 0 0 0 1 10.45611
Camera: 0 1.309 -0.55 0 0 0 1 10.46607
Camera: 0 1.309 -0.55 0 0 0 1 10.4751
Camera: 0 1.309 -0.55 0 0 0 1 10.48514
Camera: 0 1.309 -0.55 0 0 0 1 10.49629
Camera: 0 1.309 -0.55 0 0 0 1 10.50796
Camera: 0 1.309 -0.55 0 0 0 1 10.51869
Camera: 0 1.309 -0.55 0 0 0 1 10.53008
Camera: 0 1.309 -0.55 0 0 0 1 10.5422
Camera: 0 1.309 -0.55 0 0 0 1 10.55312
Camera: 0 1.309 -0.55 0 0 0 1 10.56292
Camera: 0 1.309 -0.55 0 0 0 1 10.57401
Camera: 0 1.309 -0.55 0 0 0 1 10.58517
Camera: 0 1.309 -0.55 0 0 0 1 10.59616
Camera: 0 1.309 -0.55 0 0 0 1 10.60772
Camera: 0 1.309 -0.55 0 0 0 1 10.61846
Camera: 0 1.309 -0.55 0 0 0 1 10.62961
Camera: 0 1.309 -0.55 0 0 0 1 10.6408
Camera: 0 1.309 -0.55 0 0 0 1 10.65188
Camera: 0 1.309 -0.55 0 0 0 1 10.66286
Camera: 0 1.309 -0.55 0 0 0 1 10.67413
Camera: 0 1.309 -0.55 0 0 0 1 10.68547
Camera: 0 1.309 -0.55 0 0 0 1 10.69772
Camera: 0 1.309 -0.55 0 0 0 1 10.70916
Camera: 0 1.309 -0.55 0 0 0 1 10.71894
Camera: 0 1.309 -0.55 0 0 0 1 10.72951
Camera: 0 1.309 -0.55 0 0 0 1 10.74076
Camera: 0 1.309 -0.55 0 0 0 1 10.75178
Camera: 0 1.309 -0.55 0 0 0 1 10.76285
Camera: 0 1.309 -0.55 0 0 0 1 10.77406
Camera: 0 1.309 -0.55 0 0 0 1 10.78508
Camera: 0 1.309 -0.55 0 0 0 1 10.79617
Camera: 0 1.309 -0.55 0 0 0 1 10.8077
Camera: 0 1.309 -0.55 0 0 0 1 10.81849
Camera: 0 1.309 -0.55 0 0 0 1 10.82947
Camera: 0 1.309 -0.55 0 0 0 1 10.8408
Camera: 0 1.309 -0.55 0 0 0 1 10.85296
Camera: 0 1.309 -0.55 0 0 0 1 10.8643
Camera: 0 1.309 -0.55 0 0 0 1 10.87445
Camera: 0 1.309 -0.55 0 0 0 1 10.88529
Camera: 0 1.309 -0.55 0 0 0 1 10.89638
Camera: 0 1.309 -0.55 0 0 0 1 10.90811
Camera: 0 1.309 -0.55 0 0 0 1 10.91934
Camera: 0 1.309 -0.55 0 0 0 1 10.93066
Camera: 0 1.309 -0.55 0 0 0 1 10.94232
Camera: 0 1.309 -0.55 0 0 0 1 10.95372
Camera: 0 1.309 -0.55 0 0 0 1 10.96563
Camera: 0 1.309 -0.55 0 0 0 1 10.97677
Camera: 0 1.309 -0.55 0 0 0 1 10.98845
Camera: 0 1.309 -0.55 0 0 0 1 11.00058
Camera: 0 1.309 -0.55 0 0 0 1 11.01406
Camera: 0 1.309 -0.55 0 0 0 1 11.02591
Camera: 0 1.309 -0.55 0 0 0 1 11.0359
Camera: 0 1.309 -0.55 0 0 0 1 11.04574
Camera: 0 1.309 -0.55 0 0 0 1 11.05591
Camera: 0 1.309 -0.55 0 0 0 1 11.06598
Camera: 0 1.309 -0.55 0 0 0 1 11.07586
Camera: 0 1.309 -0.55 0 0 0 1 11.08715
Camera: 0 1.309 -0.55 0 0 0 1 11.09801
Camera: 0 1.309 -0.55 0 0 0 1 11.10945
Camera: 0 1.309 -0.55 0 0 0 1 11.12039
Camera: 0 1.309 -0.55 0 0 0 1 11.13133
Camera: 0 1.309 -0.55 0 0 0 1 11.14255
Camera: 0 1.309 -0.55 0 0 0 1 11.154
Camera: 0 1.309 -0.55 0 0 0 1 11.16629
Camera: 0 1.309 -0.55 0 0 0 1 11.17803
Camera: 0 1.309 -0.55 0 0 0 1 11.18826
Camera: 0 1.309 -0.55 0 0 0 1 11.19788
Camera: 0 1.309 -0.55 0 0 0 1 11.20928
Camera: 0 1.309 -0.55 0 0 0 1 11.22011
Camera: 0 1.309 -0.55 0 0 0 1 11.23112
Camera: 0 1.309 -0.55 0 0 0 1 11.24214
Camera: 0 1.309 -0.55 0 0 0 1 11.25338
Camera: 0 1.309 -0.55 0 0 0 1 11.26441
Camera: 0 1.309 -0.55 0 0 0 1 11.27559
Camera: 0 1.309 -0.55 0 0 0 1 11.2867
Camera: 0 1.309 -0.55 0 0 0 1 11.29767
Camera: 0 1.309 -0.55 0 0 0 1 11.30964
Camera: 0 1.309 -0.55 0 0 0 1 11.32175
Camera: 0 1.309 -0.55 0 0 0 1 11.33319
Camera: 0 1.309 -0.55 0 0 0 1 11.3423
Camera: 0 1.309 -0.55 0 0 0 1 11.35334
Camera: 0 1.309 -0.55 0 0 0 1 11.36463
Camera: 0 1.309 -0.55 0 0 0 1 11.37564
Camera: 0 1.309 -0.55 0 0 0 1 11.38677
Camera: 0 1.309 -0.55 0 0 0 1 11.39803
Camera: 0 1.309 -0.55 0 0 0 1 11.4094
Camera: 0 1.309 -0.55 0 0 0 1 11.42046
Camera: 0 1.309 -0.55 0 0 0 1 11.43178
Camera: 0 1.309 -0.55 0 0 0 1 11.44302
Camera: 0 1.309 -0.55 0 0 0 1 11.45454
Camera: 0 1.309 -0.55 0 0 0 1 11.46581
Camera: 0 1.309 -0.55 0 0 0 1 11.47744
Camera: 0 1.309 -0.55 0 0 0 1 11.4887
Camera: 0 1.309 -0.55 0 0 0 1 11.49943
Camera: 0 1.309 -0.55 0 0 0 1 11.51102
Camera: 0 1.309 -0.55 0 0 0 1 11.52152
Camera: 0 1.309 -0.55 0 0 0 1 11.53272
Camera: 0 1.309 -0.55 0 0 0 1 11.54386
Camera: 0 1.309 -0.55 0 0 0 1 11.55508
Camera: 0 1.309 -0.55 0 0 0 1 11.5662
Camera: 0 1.309 -0.55 0 0 0 1 11.5773
Camera: 0 1.309 -0.55 0 0 0 1 11.58836
Camera: 0 1.309 -0.55 0 0 0 1 11.59973
Camera: 0 1.309 -0.55 0 0 0 1 11.61098
Camera: 0 1.309 -0.55 0 0 0 1 11.62218
Camera: 0 1.309 -0.55 0 0 0 1 11.64449
Camera: 0 1.309 -0.55 0 0 0 1 11.65694
Camera: 0 1.309 -0.55 0 0 0 1 11.66755
Camera: 0 1.309 -0.55 0 0 0 1 11.67793
Camera: 0 1.309 -0.55 0 0 0 1 11.68783
Camera: 0 1.309 -0.55 0 0 0 1 11.6977
Camera: 0 1.309 -0.55 0 0 0 1 11.70813
Camera: 0 1.309 -0.55 0 0 0 1 11.71827
Camera: 0 1.309 -0.55 0 0 0 1 11.72926
Camera: 0 1.309 -0.55 0 0 0 1 11.74066
Camera: 0 1.309 -0.55 0 0 0 1 11.75162
Camera: 0 1.309 -0.55 0 0 0 1 11.76257
Camera: 0 1.309 -0.55 0 0 0 1 11.77399
Camera: 0 1.309 -0.55 0 0 0 1 11.78597
Camera: 0 1.309 -0.55 0 0 0 1 11.7979
Camera: 0 1.309 -0.55 0 0 0 1 11.80794
Camera: 0 1.309 -0.55 0 0 0 1 11.81845
Camera: 0 1.309 -0.55 0 0 0 1 11.8295
Camera: 0 1.309 -0.55 0 0 0 1 11.84075
Camera: 0 1.309 -0.55 0 0 0 1 11.85151
Camera: 0 1.309 -0.55 0 0 0 1 11.86288
Camera: 0 1.309 -0.55 0 0 0 1 11.87418
Camera: 0 1.309 -0.55 0 0 0 1 11.88508
Camera: 0 1.309 -0.55 0 0 0 1 11.89622
Camera: 0 1.309 -0.55 0 0 0 1 11.90768
Camera: 0 1.309 -0.55 0 0 0 1 11.91867
Camera: 0 1.309 -0.55 0 0 0 1 11.9298
Camera: 0 1.309 -0.55 0 0 0 1 11.94304
Camera: 0 1.309 -0.55 0 0 0 1 11.95504
Camera: 0 1.309 -0.55 0 0 0 1 11.96527
Camera: 0 1.309 -0.55 0 0 0 1 11.97507
Camera: 0 1.309 -0.55 0 0 0 1 11.98524
Camera: 0 1.309 -0.55 0 0 0 1 11.99611
Camera: 0 1.309 -0.55 0 0 0 1 12.00759
Camera: 0 1.309 -0.55 0 0 0 1 12.01838
Camera: 0 1.309 -0.55 0 0 0 1 12.02927
Camera: 0 1.309 -0.55 0 0 0 1 12.04024
Camera: 0 1.309 -0.55 0 0 0 1 12.0513
Camera: 0 1.309 -0.55 0 0 0 1 12.06249
Camera: 0 1.309 -0.55 0 0 0 1 12.07359
Camera: 0 1.309 -0.55 0 0 0 1 12.08487
Camera: 0 1.309 -0.55 0 0 0 1 12.09682
Camera: 0 1.309 -0.55 0 0 0 1 12.10859
Camera: 0 1.309 -0.55 0 0 0 1 12.11832
Camera: 0 1.309 -0.55 0 0 0 1 12.12906
Camera: 0 1.309 -0.55 0 0 0 1 12.14083
Camera: 0 1.309 -0.55 0 0 0 1 12.15172
Camera: 0 1.309 -0.55 0 0 0 1 12.16328
Camera: 0 1.309 -0.55 0 0 0 1 12.17468
Camera: 0 1.309 -0.55 0 0 0 1 12.18617
Camera: 0 1.309 -0.55 0 0 0 1 12.19763
Camera: 0 1.309 -0.55 0 0 0 1 12.20953
Camera: 0 1.309 -0.55 0 0 0 1 12.22058
Camera: 0 1.309 -0.55 0 0 0 1 12.23153
Camera: 0 1.309 -0.55 0 0 0 1 12.24297
Camera: 0 1.309 -0.55 0 0 0 1 12.25557
Camera: 0 1.309 -0.55 0 0 0 1 12.26772
Scholar 17.27347
Camera: 0 1.309 -0.55 0 0 0 1 17.27347
Camera: 0 1.309 -0.55 0 0 0 1 17.28484
Camera: 0 1.309 -0.55 0 0 0 1 17.2961
Camera: 0 1.309 -0.55 0 0 0 1 17.30753
Camera: 0 1.309 -0.55 0 0 0 1 17.31893
Camera: 0 1.309 -0.55 0 0 0 1 17.3302
Camera: 0 1.309 -0.55 0 0 0 1 17.34128
Camera: 0 1.309 -0.55 0 0 0 1 17.35278
Camera: 0 1.309 -0.55 0 0 0 1 17.36395
Camera: 0 1.309 -0.55 0 0 0 1 17.37515
Camera: 0 1.309 -0.55 0 0 0 1 17.3955
Camera: 0 1.309 -0.55 0 0 0 1 17.40685
Camera: 0 1.309 -0.55 0 0 0 1 17.41619
Camera: 0 1.309 -0.55 0 0 0 1 17.42658
Camera: 0 1.309 -0.55 0 0 0 1 17.43776
Camera: 0 1.309 -0.55 0 0 0 1 17.44879
Camera: 0 1.309 -0.55 0 0 0 1 17.45985
Camera: 0 1.309 -0.55 0 0 0 1 17.47098
Camera: 0 1.309 -0.55 0 0 0 1 17.4822
Camera: 0 1.309 -0.55 0 0 0 1 17.49313
Camera: 0 1.309 -0.55 0 0 0 1 17.50421
Camera: 0 1.309 -0.55 0 0 0 1 17.51549
Camera: 0 1.309 -0.55 0 0 0 1 17.52672
Camera: 0 1.309 -0.55 0 0 0 1 17.53743
Camera: 0 1.309 -0.55 0 0 0 1 17.54871
Camera: 0 1.309 -0.55 0 0 0 1 17.55988
Camera: 0 1.309 -0.55 0 0 0 1 17.57091
Camera: 0 1.309 -0.55 0 0 0 1 17.58214
Camera: 0 1.309 -0.55 0 0 0 1 17.59321
Camera: 0 1.309 -0.55 0 0 0 1 17.60435
Camera: 0 1.309 -0.55 0 0 0 1 17.61547
Camera: 0 1.309 -0.55 0 0 0 1 17.62639
Camera: 0 1.309 -0.55 0 0 0 1 17.63747
Camera: 0 1.309 -0.55 0 0 0 1 17.64863
Camera: 0 1.309 -0.55 0 0 0 1 17.65977
Camera: 0 1.309 -0.55 0 0 0 1 17.67085
Camera: 0 1.309 -0.55 0 0 0 1 17.68224
Camera: 0 1.309 -0.55 0 0 0 1 17.69321
Camera: 0 1.309 -0.55 0 0 0 1 17.70412
Camera: 0 1.309 -0.55 0 0 0 1 17.71539
Camera: 0 1.309 -0.55 0 0 0 1 17.72644
Camera: 0 1.309 -0.55 0 0 0 1 17.73746
Camera: 0 1.309 -0.55 0 0 0 1 17.74855
Camera: 0 1.309 -0.55 0 0 0 1 17.76011
Camera: 0 1.309 -0.55 0 0 0 1 17.77103
Camera: 0 1.309 -0.55 0 0 0 1 17.78207
Camera: 0 1.309 -0.55 0 0 0 1 17.79305
Camera: 0 1.309 -0.55 0 0 0 1 17.8044
Camera: 0 1.309 -0.55 0 0 0 1 17.81534
Camera: 0 1.309 -0.55 0 0 0 1 17.82637
Camera: 0 1.309 -0.55 0 0 0 1 17.83768
Camera: 0 1.309 -0.55 0 0 0 1 17.84898
Camera: 0 1.309 -0.55 0 0 0 1 17.85985
Camera: 0 1.309 -0.55 0 0 0 1 17.87139
Camera: 0 1.309 -0.55 0 0 0 1 17.88262
Camera: 0 1.309 -0.55 0 0 0 1 17.89414
Camera: 0 1.309 -0.55 0 0 0 1 17.9056
Camera: 0 1.309 -0.55 0 0 0 1 17.91714
Camera: 0 1.309 -0.55 0 0 0 1 17.92862
Camera: 0 1.309 -0.55 0 0 0 1 17.93987
Camera: 0 1.309 -0.55 0 0 0 1 17.95145
Camera: 0 1.309 -0.55 0 0 0 1 17.9629
Camera: 0 1.309 -0.55 0 0 0 1 17.97432
Camera: 0 1.309 -0.55 0 0 0 1 17.98595
Camera: 0 1.309 -0.55 0 0 0 1 17.99719
Camera: 0 1.309 -0.55 0 0 0 1 18.00925
Camera: 0 1.309 -0.55 0 0 0 1 18.01994
Camera: 0 1.309 -0.55 0 0 0 1 18.03088
Camera: 0 1.309 -0.55 0 0 0 1 18.04215
Camera: 0 1.309 -0.55 0 0 0 1 18.05325
Camera: 0 1.309 -0.55 0 0 0 1 18.06436
Camera: 0 1.309 -0.55 0 0 0 1 18.07535
Camera: 0 1.309 -0.55 0 0 0 1 18.08644
Camera: 0 1.309 -0.55 0 0 0 1 18.09765
Camera: 0 1.309 -0.55 0 0 0 1 18.10891
Camera: 0 1.309 -0.55 0 0 0 1 18.11993
Camera: 0 1.309 -0.55 0 0 0 1 18.13098
Camera: 0 1.309 -0.55 0 0 0 1 18.14198
Camera: 0 1.309 -0.55 0 0 0 1 18.15351
Camera: 0 1.309 -0.55 0 0 0 1 18.16492
Camera: 0 1.309 -0.55 0 0 0 1 18.1755
Camera: 0 1.309 -0.55 0 0 0 1 18.18664
Camera: 0 1.309 -0.55 0 0 0 1 18.19773
Camera: 0 1.309 -0.55 0 0 0 1 18.20903
Camera: 0 1.309 -0.55 0 0 0 1 18.22002
Camera: 0 1.309 -0.55 0 0 0 1 18.23104
Camera: 0 1.309 -0.55 0 0 0 1 18.24209
Camera: 0 1.309 -0.55 0 0 0 1 18.2533
Camera: 0 1.309 -0.55 0 0 0 1 18.26429
Camera: 0 1.309 -0.55 0 0 0 1 18.27531
Camera: 0 1.309 -0.55 0 0 0 1 18.2866
Camera: 0 1.309 -0.55 0 0 0 1 18.29764
Camera: 0 1.309 -0.55 0 0 0 1 18.30904
Camera: 0 1.309 -0.55 0 0 0 1 18.32107
Camera: 0 1.309 -0.55 0 0 0 1 18.33221
Camera: 0 1.309 -0.55 0 0 0 1 18.34168
Camera: 0 1.309 -0.55 0 0 0 1 18.35277
Camera: 0 1.309 -0.55 0 0 0 1 18.36386
Camera: 0 1.309 -0.55 0 0 0 1 18.37506
Camera: 0 1.309 -0.55 0 0 0 1 18.38608
Camera: 0 1.309 -0.55 0 0 0 1 18.3972
Camera: 0 1.309 -0.55 0 0 0 1 18.40845
Camera: 0 1.309 -0.55 0 0 0 1 18.41961
Camera: 0 1.309 -0.55 0 0 0 1 18.43048
Camera: 0 1.309 -0.55 0 0 0 1 18.44152
Camera: 0 1.309 -0.55 0 0 0 1 18.45278
Camera: 0 1.309 -0.55 0 0 0 1 18.46407
Camera: 0 1.309 -0.55 0 0 0 1 18.4753
Camera: 0 1.309 -0.55 0 0 0 1 18.48617
Camera: 0 1.309 -0.55 0 0 0 1 18.49718
Camera: 0 1.309 -0.55 0 0 0 1 18.50856
Camera: 0 1.309 -0.55 0 0 0 1 18.5195
Camera: 0 1.309 -0.55 0 0 0 1 18.53056
Camera: 0 1.309 -0.55 0 0 0 1 18.54148
Camera: 0 1.309 -0.55 0 0 0 1 18.55279
Camera: 0 1.309 -0.55 0 0 0 1 18.56387
Camera: 0 1.309 -0.55 0 0 0 1 18.57517
Camera: 0 1.309 -0.55 0 0 0 1 18.58624
Camera: 0 1.309 -0.55 0 0 0 1 18.59729
Camera: 0 1.309 -0.55 0 0 0 1 18.60828
Camera: 0 1.309 -0.55 0 0 0 1 18.61968
Camera: 0 1.309 -0.55 0 0 0 1 18.63113
Camera: 0 1.309 -0.55 0 0 0 1 18.64156
Camera: 0 1.309 -0.55 0 0 0 1 18.65275
Camera: 0 1.309 -0.55 0 0 0 1 18.66365
Camera: 0 1.309 -0.55 0 0 0 1 18.67489
Camera: 0 1.309 -0.55 0 0 0 1 18.68597
Camera: 0 1.309 -0.55 0 0 0 1 18.69693
Camera: 0 1.309 -0.55 0 0 0 1 18.70843
Camera: 0 1.309 -0.55 0 0 0 1 18.71958
Camera: 0 1.309 -0.55 0 0 0 1 18.73089
Camera: 0 1.309 -0.55 0 0 0 1 18.74206
Camera: 0 1.309 -0.55 0 0 0 1 18.75306
Camera: 0 1.309 -0.55 0 0 0 1 18.76437
Camera: 0 1.309 -0.55 0 0 0 1 18.77558
Camera: 0 1.309 -0.55 0 0 0 1 18.78713
Camera: 0 1.309 -0.55 0 0 0 1 18.79767
Camera: 0 1.309 -0.55 0 0 0 1 18.80882
Camera: 0 1.309 -0.55 0 0 0 1 18.81999
Camera: 0 1.309 -0.55 0 0 0 1 18.8309
Camera: 0 1.309 -0.55 0 0 0 1 18.84251
Camera: 0 1.309 -0.55 0 0 0 1 18.85332
Camera: 0 1.309 -0.55 0 0 0 1 18.86429
Camera: 0 1.309 -0.55 0 0 0 1 18.8753
Camera: 0 1.309 -0.55 0 0 0 1 18.88645
Camera: 0 1.309 -0.55 0 0 0 1 18.8976
Camera: 0 1.309 -0.55 0 0 0 1 18.90889
Camera: 0 1.309 -0.55 0 0 0 1 18.91984
Camera: 0 1.309 -0.55 0 0 0 1 18.93119
Camera: 0 1.309 -0.55 0 0 0 1 18.9429
Camera: 0 1.309 -0.55 0 0 0 1 18.95341
Camera: 0 1.309 -0.55 0 0 0 1 18.96411
Camera: 0 1.309 -0.55 0 0 0 1 18.9752
Camera: 0 1.309 -0.55 0 0 0 1 18.98641
Camera: 0 1.309 -0.55 0 0 0 1 18.99731
Camera: 0 1.309 -0.55 0 0 0 1 19.01519
Camera: 0 1.309 -0.55 0 0 0 1 19.02497
Camera: 0 1.309 -0.55 0 0 0 1 19.03367
Camera: 0 1.309 -0.55 0 0 0 1 19.04249
Camera: 0 1.309 -0.55 0 0 0 1 19.05178
Camera: 0 1.309 -0.55 0 0 0 1 19.06047
Camera: 0 1.309 -0.55 0 0 0 1 19.07069
Camera: 0 1.309 -0.55 0 0 0 1 19.08202
Camera: 0 1.309 -0.55 0 0 0 1 19.09357
Camera: 0 1.309 -0.55 0 0 0 1 19.10403
Camera: 0 1.309 -0.55 0 0 0 1 19.11525
Camera: 0 1.309 -0.55 0 0 0 1 19.12634
Camera: 0 1.309 -0.55 0 0 0 1 19.13741
Camera: 0 1.309 -0.55 0 0 0 1 19.14862
Camera: 0 1.309 -0.55 0 0 0 1 19.15967
Camera: 0 1.309 -0.55 0 0 0 1 19.17089
Camera: 0 1.309 -0.55 0 0 0 1 19.1818
Camera: 0 1.309 -0.55 0 0 0 1 19.19281
Camera: 0 1.309 -0.55 0 0 0 1 19.2039
Camera: 0 1.309 -0.55 0 0 0 1 19.21504
Camera: 0 1.309 -0.55 0 0 0 1 19.22628
Camera: 0 1.309 -0.55 0 0 0 1 19.23747
Camera: 0 1.309 -0.55 0 0 0 1 19.24835
Camera: 0 1.309 -0.55 0 0 0 1 19.25947
Camera: 0 1.309 -0.55 0 0 0 1 19.27058
Camera: 0 1.309 -0.55 0 0 0 1 19.28181
Camera: 0 1.309 -0.55 0 0 0 1 19.29274
Camera: 0 1.309 -0.55 0 0 0 1 19.30381
Camera: 0 1.309 -0.55 0 0 0 1 19.31504
Camera: 0 1.309 -0.55 0 0 0 1 19.32613
Camera: 0 1.309 -0.55 0 0 0 1 19.33726
Camera: 0 1.309 -0.55 0 0 0 1 19.34824
Camera: 0 1.309 -0.55 0 0 0 1 19.35938
Camera: 0 1.309 -0.55 0 0 0 1 19.37045
Camera: 0 1.309 -0.55 0 0 0 1 19.38202
Camera: 0 1.309 -0.55 0 0 0 1 19.3933
Camera: 0 1.309 -0.55 0 0 0 1 19.40463
Camera: 0 1.309 -0.55 0 0 0 1 19.41571
Camera: 0 1.309 -0.55 0 0 0 1 19.427
Camera: 0 1.309 -0.55 0 0 0 1 19.43818
Camera: 0 1.309 -0.55 0 0 0 1 19.44961
Camera: 0 1.309 -0.55 0 0 0 1 19.46098
Camera: 0 1.309 -0.55 0 0 0 1 19.47225
Camera: 0 1.309 -0.55 0 0 0 1 19.48365
Camera: 0 1.309 -0.55 0 0 0 1 19.49501
Camera: 0 1.309 -0.55 0 0 0 1 19.50627
Camera: 0 1.309 -0.55 0 0 0 1 19.51755
Camera: 0 1.309 -0.55 0 0 0 1 19.52888
Camera: 0 1.309 -0.55 0 0 0 1 19.54037
Camera: 0 1.309 -0.55 0 0 0 1 19.55186
Camera: 0 1.309 -0.55 0 0 0 1 19.56331
Camera: 0 1.309 -0.55 0 0 0 1 19.57407
Camera: 0 1.309 -0.55 0 0 0 1 19.58537
Camera: 0 1.309 -0.55 0 0 0 1 19.59671
Camera: 0 1.309 -0.55 0 0 0 1 19.60815
Camera: 0 1.309 -0.55 0 0 0 1 19.61942
Camera: 0 1.309 -0.55 0 0 0 1 19.6306
Camera: 0 1.309 -0.55 0 0 0 1 19.64173
Camera: 0 1.309 -0.55 0 0 0 1 19.65278
Camera: 0 1.309 -0.55 0 0 0 1 19.66391
Camera: 0 1.309 -0.55 0 0 0 1 19.67487
Camera: 0 1.309 -0.55 0 0 0 1 19.68609
Camera: 0 1.309 -0.55 0 0 0 1 19.69724
Camera: 0 1.309 -0.55 0 0 0 1 19.70863
Camera: 0 1.309 -0.55 0 0 0 1 19.72031
Camera: 0 1.309 -0.55 0 0 0 1 19.73057
Camera: 0 1.309 -0.55 0 0 0 1 19.74152
Camera: 0 1.309 -0.55 0 0 0 1 19.75266
Camera: 0 1.309 -0.55 0 0 0 1 19.76384
Camera: 0 1.309 -0.55 0 0 0 1 19.77487
Camera: 0 1.309 -0.55 0 0 0 1 19.78606
Camera: 0 1.309 -0.55 0 0 0 1 19.79865
Camera: 0 1.309 -0.55 0 0 0 1 19.80881
Camera: 0 1.309 -0.55 0 0 0 1 19.81943
Camera: 0 1.309 -0.55 0 0 0 1 19.8311
Camera: 0 1.309 -0.55 0 0 0 1 19.84195
Camera: 0 1.309 -0.55 0 0 0 1 19.85311
Camera: 0 1.309 -0.55 0 0 0 1 19.86398
Camera: 0 1.309 -0.55 0 0 0 1 19.87533
Camera: 0 1.309 -0.55 0 0 0 1 19.88673
Camera: 0 1.309 -0.55 0 0 0 1 19.89701
Camera: 0 1.309 -0.55 0 0 0 1 19.90823
Camera: 0 1.309 -0.55 0 0 0 1 19.91936
Camera: 0 1.309 -0.55 0 0 0 1 19.93039
Camera: 0 1.309 -0.55 0 0 0 1 19.94136
Camera: 0 1.309 -0.55 0 0 0 1 19.95251
Camera: 0 1.309 -0.55 0 0 0 1 19.96352
Camera: 0 1.309 -0.55 0 0 0 1 19.97466
Camera: 0 1.309 -0.55 0 0 0 1 19.98578
Camera: 0 1.309 -0.55 0 0 0 1 19.9969
Camera: 0 1.309 -0.55 0 0 0 1 20.00803
Camera: 0 1.309 -0.55 0 0 0 1 20.01946
Camera: 0 1.309 -0.55 0 0 0 1 20.03094
Camera: 0 1.309 -0.55 0 0 0 1 20.04309
Camera: 0 1.309 -0.55 0 0 0 1 20.05243
Camera: 0 1.309 -0.55 0 0 0 1 20.06271
Camera: 0 1.309 -0.55 0 0 0 1 20.07385
Camera: 0 1.309 -0.55 0 0 0 1 20.08494
Camera: 0 1.309 -0.55 0 0 0 1 20.09614
Camera: 0 1.309 -0.55 0 0 0 1 20.10723
Camera: 0 1.309 -0.55 0 0 0 1 20.11841
Camera: 0 1.309 -0.55 0 0 0 1 20.12939
Camera: 0 1.309 -0.55 0 0 0 1 20.1406
Camera: 0 1.309 -0.55 0 0 0 1 20.15201
Camera: 0 1.309 -0.55 0 0 0 1 20.1627
Camera: 0 1.309 -0.55 0 0 0 1 20.17399
Camera: 0 1.309 -0.55 0 0 0 1 20.18591
Camera: 0 1.309 -0.55 0 0 0 1 20.19736
Camera: 0 1.309 -0.55 0 0 0 1 20.20705
Camera: 0 1.309 -0.55 0 0 0 1 20.21835
Camera: 0 1.309 -0.55 0 0 0 1 20.22983
Camera: 0 1.309 -0.55 0 0 0 1 20.24133
Camera: 0 1.309 -0.55 0 0 0 1 20.25201
Camera: 0 1.309 -0.55 0 0 0 1 20.26312
Camera: 0 1.309 -0.55 0 0 0 1 20.27414
Camera: 0 1.309 -0.55 0 0 0 1 20.2855
Camera: 0 1.309 -0.55 0 0 0 1 20.29641
Camera: 0 1.309 -0.55 0 0 0 1 20.30775
Camera: 0 1.309 -0.55 0 0 0 1 20.31915
Camera: 0 1.309 -0.55 0 0 0 1 20.33001
Camera: 0 1.309 -0.55 0 0 0 1 20.35028
Camera: 0 1.309 -0.55 0 0 0 1 20.36235
Camera: 0 1.309 -0.55 0 0 0 1 20.372
Camera: 0 1.309 -0.55 0 0 0 1 20.38104
Camera: 0 1.309 -0.55 0 0 0 1 20.39232
Camera: 0 1.309 -0.55 0 0 0 1 20.40325
Camera: 0 1.309 -0.55 0 0 0 1 20.41749
Camera: 0 1.309 -0.55 0 0 0 1 20.4284
Camera: 0 1.309 -0.55 0 0 0 1 20.43764
Camera: 0 1.309 -0.55 0 0 0 1 20.44775
Camera: 0 1.309 -0.55 0 0 0 1 20.45862
Camera: 0 1.309 -0.55 0 0 0 1 20.46951
Camera: 0 1.309 -0.55 0 0 0 1 20.48091
Camera: 0 1.309 -0.55 0 0 0 1 20.49248
Camera: 0 1.309 -0.55 0 0 0 1 20.50286
Camera: 0 1.309 -0.55 0 0 0 1 20.5142
Camera: 0 1.309 -0.55 0 0 0 1 20.52527
Camera: 0 1.309 -0.55 0 0 0 1 20.53626
Camera: 0 1.309 -0.55 0 0 0 1 20.54737
Camera: 0 1.309 -0.55 0 0 0 1 20.55842
Camera: 0 1.309 -0.55 0 0 0 1 20.56964
Camera: 0 1.309 -0.55 0 0 0 1 20.58076
Camera: 0 1.309 -0.55 0 0 0 1 20.59213
Camera: 0 1.309 -0.55 0 0 0 1 20.60334
Camera: 0 1.309 -0.55 0 0 0 1 20.6148
Camera: 0 1.309 -0.55 0 0 0 1 20.62576
Camera: 0 1.309 -0.55 0 0 0 1 20.63693
Camera: 0 1.309 -0.55 0 0 0 1 20.64902
Camera: 0 1.309 -0.55 0 0 0 1 20.65986
Camera: 0 1.309 -0.55 0 0 0 1 20.66982
Camera: 0 1.309 -0.55 0 0 0 1 20.68107
Camera: 0 1.309 -0.55 0 0 0 1 20.69202
Camera: 0 1.309 -0.55 0 0 0 1 20.70283
Camera: 0 1.309 -0.55 0 0 0 1 20.71406
Camera: 0 1.309 -0.55 0 0 0 1 20.72519
Camera: 0 1.309 -0.55 0 0 0 1 20.7362
Camera: 0 1.309 -0.55 0 0 0 1 20.74745
Camera: 0 1.309 -0.55 0 0 0 1 20.7583
Camera: 0 1.309 -0.55 0 0 0 1 20.76943
Camera: 0 1.309 -0.55 0 0 0 1 20.78087
Camera: 0 1.309 -0.55 0 0 0 1 20.79196
Camera: 0 1.309 -0.55 0 0 0 1 20.8032
Camera: 0 1.309 -0.55 0 0 0 1 20.81407
Camera: 0 1.309 -0.55 0 0 0 1 20.82524
Camera: 0 1.309 -0.55 0 0 0 1 20.83717
Camera: 0 1.309 -0.55 0 0 0 1 20.84872
Camera: 0 1.309 -0.55 0 0 0 1 20.86
Camera: 0 1.309 -0.55 0 0 0 1 20.8713
Camera: 0 1.309 -0.55 0 0 0 1 20.88458
Camera: 0 1.309 -0.55 0 0 0 1 20.89449
Camera: 0 1.309 -0.55 0 0 0 1 20.90591
Camera: 0 1.309 -0.55 0 0 0 1 20.91701
Camera: 0 1.309 -0.55 0 0 0 1 20.92876
Camera: 0 1.309 -0.55 0 0 0 1 20.93986
Camera: 0 1.309 -0.55 0 0 0 1 20.95166
Camera: 0 1.309 -0.55 0 0 0 1 20.9626
Camera: 0 1.309 -0.55 0 0 0 1 20.9739
Camera: 0 1.309 -0.55 0 0 0 1 20.98513
Camera: 0 1.309 -0.55 0 0 0 1 20.99618
Camera: 0 1.309 -0.55 0 0 0 1 21.0072
Camera: 0 1.309 -0.55 0 0 0 1 21.01837
Camera: 0 1.309 -0.55 0 0 0 1 21.0296
Camera: 0 1.309 -0.55 0 0 0 1 21.04063
Camera: 0 1.309 -0.55 0 0 0 1 21.05207
Camera: 0 1.309 -0.55 0 0 0 1 21.06942
Camera: 0 1.309 -0.55 0 0 0 1 21.07917
Camera: 0 1.309 -0.55 0 0 0 1 21.08841
Camera: 0 1.309 -0.55 0 0 0 1 21.09686
Camera: 0 1.309 -0.55 0 0 0 1 21.11476
Camera: 0 1.309 -0.55 0 0 0 1 21.12606
Camera: 0 1.309 -0.55 0 0 0 1 21.13705
Camera: 0 1.309 -0.55 0 0 0 1 21.1545
